1.8504 0.92474
1.866 0.93042
2.2883 0.5633
2.0079 0.8843
1.1877 0.95307
2.3949 -0.04439
-0.089173 -0.12492
2.4637 -0.081134
2.2413 0.63761
0.35237 0.85482
1.8637 0.69768
2.3596 0.29767
1.5686 0.76447
2.515 -0.017785
0.58422 1.0582
2.2799 -0.059214
0.45746 0.84235
0.25464 0.58381
2.5052 0.035893
-0.23735 -0.24571
2.2494 0.098902
0.6346 1.0986
2.3061 0.055146
2.2408 0.34182
1.2242 0.89671
0.19045 0.55306
-0.18848 0.22795
0.64162 0.8309
2.0627 0.5476
2.1297 0.43353
0.25013 0.8796
0.40178 0.74089
1.0842 1.0841
-0.15413 0.43096
1.5833 0.90007
-0.18967 0.43975
2.3504 -0.18
1.866 0.64702
1.4797 1.025
2.2498 0.47689
1.004 0.94569
-0.11041 -0.24428
-0.25486 -0.23195
0.40609 0.79662
2.2508 -0.065367
1.7793 0.66808
1.9432 0.65427
2.0831 0.72353
2.1644 0.34167
1.9643 0.60745
2.2265 0.10424
2.4142 -0.15263
0.65085 1.1068
0.062542 0.55776
-0.057139 -0.064273
0.17326 0.8656
0.61055 0.80325
0.71957 1.0806
1.0437 1.1264
1.3455 0.96953
0.96088 0.99222
0.50933 0.77534
0.46624 0.93105
2.407 -0.10554
1.1125 0.90071
1.3304 0.93837
2.4613 0.18095
0.63319 0.79184
2.5909 -0.18387
2.4119 0.01367
2.4127 0.38477
0.62017 0.96668
2.24 0.52572
1.9775 0.63568
1.4214 1.0029
0.40847 0.94773
0.007286 0.11579
0.14546 0.8249
2.553 -0.11792
2.5296 0.055182
1.3233 1.1449
1.4612 1.0225
1.698 0.91701
0.73655 1.0076
0.96564 1.1557
0.64035 0.96926
0.50813 1.0049
2.3203 0.11151
2.2313 -0.006716
0.043377 0.65975
1.4852 1.0196
2.4608 0.048882
1.9508 0.67462
-0.33101 -0.24654
0.42652 0.99829
1.4631 1.1289
1.2015 1.1067
0.7575 1.1271
0.2623 0.72649
0.84774 0.92329
1.6644 0.77377
-0.16107 -0.23811
0.59278 0.79294
-0.081373 0.16992
-0.17286 0.050605
2.4391 -0.28441
-0.098439 0.13618
2.3707 -0.28696
2.2437 0.63807
1.7918 0.90814
2.5375 0.079516
2.1078 0.26285
1.3399 1.0763
1.0929 1.0859
0.78475 0.87578
0.18021 0.64849
-0.025584 0.041192
-0.27954 -0.11297
0.055826 0.6796
2.5233 -0.15812
2.1999 0.40432
1.2796 1.0687
0.006823 0.58369
1.8788 0.72415
1.3196 0.89478
0.13338 0.83138
1.9996 0.71139
-0.20073 -0.29433
2.267 0.63753
2.5111 -0.098043
1.4921 1.0113
0.36588 0.74184
1.9451 0.90947
1.9695 0.74154
1.2511 1.181
2.2569 0.24071
0.27583 0.81484
1.0373 1.0605
-0.21751 -0.11962
2.1513 0.61293
-0.066938 0.1648
-0.030571 0.037696
-0.23576 -0.15705
1.9882 0.89693
-0.004951 0.38764
0.07247 0.50761
0.21491 0.65104
0.96277 1.1905
0.19361 0.83849
0.48581 1.0481
0.62815 0.90437
2.3152 0.48812
0.48594 0.98916
-0.12796 -0.20433
2.1442 0.27633
-0.34047 -0.2577
1.3891 0.93298
1.7911 0.9455
-0.092022 0.37054
0.7369 0.80068
1.6023 0.75786
-0.27412 0.093718
0.19673 0.88596
-0.052487 0.19681
0.000112 0.29977
1.3363 1.0593
2.3949 0.18471
2.3655 -0.25727
-0.044778 0.27902
2.0679 0.58609
0.39423 1.0122
2.4002 0.01968
-0.16723 0.48116
2.3044 0.072602
1.1508 0.98161
2.5034 -0.15002
0.99351 1.1752
1.5166 0.9426
0.066674 0.37881
0.3198 0.79536
0.19212 0.43675
1.2094 1.0141
0.081635 0.34015
0.94559 1.1133
1.0434 0.94956
1.715 0.79347
0.22732 0.69038
1.1564 1.1604
2.2503 -0.27944
2.2346 0.5462
-0.14889 -0.20617
1.5634 1.1024
1.5985 1.0463
0.009195 0.69888
0.11429 0.59666
1.2201 0.95629
2.4128 -0.24353
0.98201 0.98469
0.13998 0.45761
0.1376 0.3664
-0.016612 0.052442
2.0573 0.37367
0.13273 0.77807
0.8329 1.0245
0.41654 0.81005
-0.26837 0.24707
1.8018 0.94956
0.73706 1.0893
2.2327 0.64595
1.7421 0.73701
0.028382 0.29072
1.1232 0.98891
-0.23771 -0.012983
0.29784 0.52731
2.3455 -0.014531
0.71449 0.93978
2.5351 0.00999
2.0904 0.78007
2.2663 -0.27545
2.4372 0.24594
0.38004 0.92065
2.1941 0.15587
1.3251 0.93637
0.63725 0.82302
0.53518 0.84685
2.0777 0.33347
2.2201 0.61776
2.3128 0.16854
-0.094847 0.51218
2.2503 -0.22959
2.362 -0.048417
1.0909 1.1593
1.8216 0.90786
1.14 0.96108
2.5741 -0.19267
-0.0538 0.22233
2.2863 0.45034
-0.10569 0.009344
1.6667 0.76017
1.1034 0.92031
2.3642 0.30405
1.6513 0.76868
2.2709 -0.081024
1.6518 0.98267
1.8117 0.78088
-0.11212 -0.2485
2.1774 0.19178
0.18856 0.65182
2.1859 0.11211
1.991 0.62174
