1.0439 -0.7965
0.49474 -1.3566
0.84649 -1.0975
1.0934 -0.93577
1.0056 -0.5728
0.33225 -1.1983
0.45259 -1.2088
0.9978 -0.67902
-1.1773 -0.096931
-1.0421 -0.97904
-1.473 -0.17061
-0.31201 -1.3842
1.1751 -0.20364
1.3291 -0.59567
0.16309 -1.1718
1.1362 -0.55385
0.99024 -0.598
0.58703 -1.1346
1.3629 -0.069507
0.49702 -1.2839
-0.65472 -1.3223
0.57704 -1.3078
-0.96422 -0.64143
-1.3283 -0.66643
1.384 -0.04327
-0.56123 -1.0203
-0.17414 -1.1798
-0.37222 -1.097
1.3736 -0.25698
0.61577 -1.0099
-0.23185 -1.4239
-1.3262 -0.021039
-1.1289 -0.53602
-0.39593 -1.3886
-1.298 -0.1393
-1.1772 -0.10506
-0.30629 -1.1845
-0.031116 -1.4499
1.0785 -0.84573
1.3067 -0.1481
1.2647 -0.50447
1.0525 -0.81671
-0.34885 -1.2528
1.3686 -0.14847
-1.0127 -0.91706
-0.97755 -1.1252
-0.13215 -1.4331
0.35606 -1.1936
0.2696 -1.3822
0.33399 -1.3771
-1.1485 -0.31192
0.27267 -1.4019
-1.0204 -0.95229
1.2186 -0.037012
-1.2027 -0.80385
-1.358 -0.15572
-1.3212 -0.70486
-0.30674 -1.4449
-1.2739 -0.21111
-0.87537 -0.99496
-1.0293 -0.73969
-0.7647 -0.88866
-0.11486 -1.3012
-1.2026 -0.02643
1.132 -0.75027
0.022384 -1.4657
-1.0388 -0.8954
0.63329 -1.0592
1.1184 -0.87138
-0.65473 -0.94835
-0.048294 -1.3518
0.82225 -0.98791
1.313 -0.57401
1.1282 -0.27945
-1.3115 -0.16771
1.1099 -0.78114
-0.25722 -1.1537
-0.70302 -1.2346
-0.39204 -1.4269
-0.62762 -1.1028
-1.2557 -0.16693
-1.2952 -0.47996
-1.1889 -0.37022
1.1499 -0.14492
1.2041 -0.19699
1.054 -0.79662
-1.3498 -0.4375
-1.1757 -0.30245
-0.44513 -1.1187
0.72003 -1.2337
-0.84245 -1.1245
-1.2118 -0.43172
1.2353 -0.69068
0.56854 -1.0944
0.72423 -1.1277
-1.4693 -0.25188
0.42984 -1.2142
-0.478 -1.3502
0.48928 -1.1546
1.1581 -0.36868
-0.82645 -0.86062
1.3085 -0.33398
-0.94 -1.0842
1.2116 -0.50613
-1.0367 -0.73669
1.3872 -0.26196
0.40895 -1.2713
-0.085276 -1.3044
0.87162 -0.8092
1.2958 -0.27165
0.79393 -0.94418
1.1591 -0.22322
0.12574 -1.3135
-1.2161 -0.019359
1.3722 -0.40371
-0.98528 -0.62123
-1.2111 -0.44638
-0.39283 -1.3432
-0.99289 -0.77502
1.408 -0.18584
1.2526 -0.78204
-0.56634 -1.1739
-1.236 -0.14221
1.4636 -0.12994
-1.1283 -0.58495
-0.96496 -0.76791
1.2179 -0.36147
-0.37584 -1.1657
-1.2964 -0.17623
0.37557 -1.4514
0.5334 -1.3667
0.77193 -0.9719
-0.50213 -1.3976
0.54509 -1.273
-0.98829 -0.8832
-0.34589 -1.4085
0.71097 -1.3132
-1.2179 -0.40282
1.1034 -0.59966
1.2279 -0.39295
1.0739 -0.83281
-1.2975 -0.1766
-1.2843 -0.16456
-0.31339 -1.1498
0.79257 -0.85034
1.132 -0.57088
-1.3534 -0.091919
1.2021 -0.6885
0.28594 -1.4196
0.56195 -1.2149
1.1327 -0.56865
0.6606 -1.3142
-0.8919 -0.87413
1.206 -0.23495
0.63674 -1.2526
-1.3087 -0.53068
-0.66178 -0.97401
1.0905 -0.63401
-0.024514 -1.1908
1.0015 -0.64928
-1.3077 -0.49906
0.2039 -1.4024
-0.52945 -1.076
0.4608 -1.3772
1.008 -1.0091
-0.5048 -1.2252
-1.3256 -0.28237
-0.33641 -1.4495
-0.64957 -1.1356
-1.0985 -0.36562
-1.1137 -0.91811
0.96495 -1.0831
-1.3212 -0.02705
-0.87767 -0.91562
-1.3952 -0.004612
1.0056 -0.66085
0.10222 -1.4453
0.855 -0.97798
1.255 -0.54663
-0.58718 -1.1897
-1.3175 -0.18189
-1.0769 -0.47408
0.4179 -1.4344
-1.3971 -0.053202
-1.4408 -0.16234
-1.0702 -0.77875
0.42475 -1.3356
1.2747 -0.743
0.41592 -1.3538
-0.14406 -1.1746
1.0658 -0.97028
-1.2263 -0.7974
0.87136 -0.89437
-1.3712 -0.11397
-1.3314 -0.3116
0.5015 -1.2608
1.2131 -0.42037
-1.3051 -0.37643
1.0462 -0.5773
-0.4765 -1.2388
0.5105 -1.1167
-0.62062 -1.0799
-0.324 -1.2509
1.2575 -0.56911
-0.95793 -0.99836
0.75813 -0.88827
-0.70186 -1.0376
0.5599 -1.2139
1.0941 -0.57811
-0.7364 -1.1653
-0.61326 -1.0558
-0.43095 -1.3932
0.28307 -1.1327
0.38386 -1.3711
1.0854 -0.74895
1.1339 -0.51487
1.2353 -0.24
0.39861 -1.1314
-1.1942 -0.7379
1.1775 -0.60299
0.29755 -1.1341
-0.40431 -1.4026
-1.019 -0.88272
1.0826 -0.40219
1.0043 -0.87979
1.0846 -0.83435
0.009085 -1.2805
-1.19 -0.49099
-1.0231 -0.80371
-1.1387 -0.89149
0.035763 -1.3385
-1.1599 -0.44916
0.96532 -1.0132
0.65069 -1.0874
0.57003 -1.1751
-1.4442 -0.34147
0.50857 -1.2247
-1.0713 -0.83702
1.3474 -0.10799
0.92984 -1.1269
0.91372 -1.0255
1.2712 -0.27269
-1.0742 -0.66938
-0.19738 -1.4755
-0.14786 -1.2455
1.4904 -0.021911
1.3098 -0.53607
-0.18301 -1.1799
-1.2627 -0.4855
-1.1243 -0.46217
