10 -7.2 10.591
0.8 -8.4 24.527
8 -5.2 4.6607
-2 3.2 4.5839
4.8 3.6 -12.035
-8.4 -5.2 -32.308
5.2 -8.4 28.448
-0.4 3.6 -1.4287
-1.2 5.6 4.4351
5.2 -3.6 3.1393
3.6 -0.8 -7.4355
7.2 5.2 -26.323
-7.2 6.8 -4.1221
-2 -2.4 -0.095288
-2.8 0.4 -7.9419
3.2 -7.2 26.571
-0.4 0.4 -0.82686
6.4 2.8 -15.711
2.4 7.6 1.1621
-2 -5.2 5.1817
-8.8 -2.4 -29.021
-4.8 2.4 -9.1185
-7.6 1.6 -23.535
-4.4 -3.6 -8.2396
7.6 4 -22.89
-8 10 7.0913
1.7764e-015 4.8 7.4704
-3.2 -6 1.9376
-1.2 -3.6 4.2432
8.8 4.4 -28.291
6.8 -0.8 -7.5957
1.7764e-015 8.8 14.324
4 -8.4 29.781
-5.6 -4.8 -13.046
-7.2 4.4 -13.945
-3.6 -3.2 0.72727
-0.4 -1.2 -0.78906
-2 6 -0.35883
6.8 2.8 -15.982
1.7764e-015 8 6.63
-8.4 6 -11.94
-7.2 1.2 -16.67
-0.4 7.2 5.7947
-3.6 -2.8 -8.0196
-6.4 5.6 -7.5834
2 2 0.19446
6.4 6 -12.842
9.6 -4.8 -1.2881
4 3.6 -7.2232
-2.4 0.8 -2.8234
6 4.8 -19.351
-0.8 -5.2 7.9576
-3.6 2 -3.714
1.2 -8.4 27.616
1.6 1.2 0.11266
2.4 -1.6 4.8015
7.6 -8.8 30.237
4.4 0.4 -6.0301
5.6 7.6 -16.754
-5.6 2.4 -15.255
7.2 1.2 -14.997
0.4 -1.6 4.9055
8.8 10 -29.742
3.2 -4.8 11.696
-2 -7.2 16.828
-2.4 1.6 -3.8437
-1.6 -4 5.3367
1.7764e-015 2.4 -4.3082
1.6 2.8 -2.2109
7.2 2 -21.449
0.4 -9.2 27.273
-1.2 -1.6 2.6766
9.6 0.4 -30.065
5.2 -9.6 36.595
-8 -4 -28.095
-4.8 8.8 9.8343
-2 1.7764e-015 -0.54528
5.6 5.6 -16.143
-4 9.6 18.475
5.6 1.2 -10.923
-0.4 1.6 1.5986
3.2 2.4 -5.789
-1.6 -3.6 11.685
-3.6 -4.4 0.26502
1.6 -2.8 8.6986
6.8 -8.4 27.61
7.2 6 -20.419
0.8 -8.8 29.867
2.8 2.4 -0.576
2.4 -4.4 13.38
4 -2 8.5189
-5.2 -8.8 1.2118
-1.2 4 3.6908
-3.6 0.8 -8.8956
-9.2 -8 -34.39
6.4 -9.6 38.173
-5.6 0.8 -11.739
-1.6 -0.4 -5.159
10 5.2 -41.747
0.8 -2 6.6645
-4.8 2 -4.4887
-3.2 10 9.988
-2 -4.8 6.7562
6 -4.8 11.227
-8.4 1.6 -24.14
7.2 -4.4 0.43159
7.2 -5.2 11.344
-8.8 1.7764e-015 -34.498
-6 -5.2 -11.782
-3.6 4 -0.71442
-2.8 1.7764e-015 -0.72418
-3.6 -4.8 0.28404
7.2 -2 -5.6955
-2 -3.2 -0.047346
3.6 -2.8 7.8531
5.6 -0.4 -5.3905
4.8 -6.4 24.664
5.2 -0.4 -3.3573
4.4 1.2 -3.1047
-6.4 -0.8 -19.227
-4.4 10 18.876
-5.2 -8.4 4.7622
6.8 -5.6 15.436
-7.6 -6.4 -27.261
-5.2 -2 -16.853
2 1.7764e-015 1.2151
3.2 6.8 -4.961
1.2 1.6 -5.7357
-5.2 0.4 -12.46
1.7764e-015 9.6 18.997
6.8 3.2 -15.745
9.6 -6.8 9.9574
8.4 -1.2 -16.663
4.4 -5.2 9.8338
-0.8 -3.2 11.213
-2.8 -1.2 -4.731
9.6 -1.6 -24.782
-3.6 8.8 11.711
5.2 -8.8 30.527
4 -8 25.594
-4 4.8 -5.5808
8.4 8 -28.434
-4 2 -6.7924
-4.8 2.8 -8.5947
-7.2 -8.4 -13.405
-6.8 8.4 -3.6351
2.8 5.2 2.5547
-4.8 9.6 11.493
-7.6 2 -22.442
8.4 4.4 -31.108
0.4 10 13.92
2 1.2 0.84041
-3.2 -5.6 2.4796
1.6 2 0.80691
7.2 10 -22.352
-4.4 2 -6.9468
-1.2 -6 10.32
2 4.4 -3.1982
-4.4 9.6 14.481
-9.2 1.2 -36.217
-9.6 1.2 -32.689
-9.2 -2 -36.989
4.8 6.4 -9.8188
4.8 -0.4 -3.9858
10 6.8 -45.051
-7.6 7.6 -5.9631
4.4 -7.2 26.158
-8.8 6 -13.853
1.7764e-015 -8.4 18.246
-2 7.6 6.4573
1.7764e-015 10 9.4081
4 1.2 -4.9468
5.2 5.2 -10.201
-6.4 -3.2 -16.93
-8.4 2.4 -21.888
6.8 -8.8 30.922
3.2 -2.4 7.8476
-9.2 -9.6 -24.869
6 -5.2 7.0318
2 4 -1.6114
-5.6 -6.8 -6.9659
7.6 -4 -4.9036
8.8 -5.6 4.0593
9.6 2 -36.696
-8.8 -1.2 -28.371
-2.4 2.4 -9.6366
-3.6 -2 -5.4432
1.6 -9.6 35.74
-4 -4 -1.7046
-8.8 9.6 -1.4663
-2.8 -4.8 7.4179
2.8 6.8 -1.7201
2.8 6.4 -0.66277
-7.6 -3.2 -31.328
-6.4 8 8.1173
-7.2 10 11.526
-1.6 8.4 14.282
-2 2.8 6.2098
-8.8 2.8 -26.648
-4 3.2 -9.5133
-6.4 -7.6 -6.9993
8.4 -3.6 -4.4762
-6.4 3.6 -11.049
8.4 6 -33.258
-6.8 -6.4 -17.462
-6.4 -5.6 -11.23
4 -4.8 7.9798
-4.8 -3.6 -9.9431
7.2 -4 0.19833
5.2 6.4 -7.8799
0.4 -3.6 10.043
-9.6 -6 -37.629
-1.6 -2 1.546
8.4 4.8 -27.929
-4.4 1.2 -12.811
-0.8 2.4 2.5017
8.8 -4 -5.6934
5.6 3.6 -8.6972
4 6.4 -8.7274
8.4 1.6 -25.573
-8 -1.6 -32.282
-6.8 1.2 -17.113
-6.4 -1.6 -22.1
-3.6 -6.4 1.8889
3.6 -0.4 -0.34744
-6.8 -7.6 -12.772
0.4 -5.2 12.402
8 6 -22.457
-4.4 1.7764e-015 -4.0795
6 2.8 -11.77
-7.2 -2.4 -26.929
3.6 2 -2.0501
-5.6 -1.6 -5.3281
3.2 0.4 -4.1392
0.8 5.6 -3.0884
-1.2 4.4 6.6632
-5.6 -1.2 -10.62
-9.6 4 -26.043
3.6 1.7764e-015 -9.1159
-3.2 7.2 7.9227
5.6 4.4 -11.464
6.8 6.8 -20.748
-2.8 -0.4 2.9374
-7.2 -8.8 -10.816
9.6 5.2 -32.714
3.6 6 0.8116
-5.2 -1.2 -11.462
-0.4 -7.6 20.245
-8 3.2 -18.23
-5.6 -0.8 -18.612
-1.6 0.8 -2.9656
9.6 6 -44.23
-6.8 6.8 -6.122
10 -6.8 3.4802
-2.4 -5.2 8.9301
4 -6.4 24.576
-2.8 3.6 0.81914
-9.2 -1.2 -40.186
5.6 -2.8 0.619
-6 9.2 7.994
-9.2 -3.2 -43.502
-1.6 0.4 2.1299
6.8 -4.4 4.7577
-7.2 -9.2 -16.456
0.4 0.8 2.0005
0.4 -6.4 19.112
-4.4 -7.2 -3.0519
2 6 0.37638
6.4 2 -20.289
-0.4 -5.2 16.313
-8 9.2 6.6273
-1.2 2 1.4982
4.4 8 -4.8536
-4.4 -4.8 -9.17
3.6 -9.6 35.677
0.4 0.4 2.4062
3.2 1.7764e-015 -1.3282
-5.2 10 18.039
4.4 4.8 -9.5719
-4 8.4 13.807
-6 6 1.3719
-3.2 3.2 -2.4162
-3.6 1.2 -6.6955
7.6 6.4 -19.584
6 3.6 -17.024
1.2 -1.6 6.9341
-6.4 -8.4 -11.468
2.4 7.2 -4.2702
5.2 -2.4 -3.0059
7.6 -3.6 4.8215
9.6 -8.8 25.193
-9.6 10 1.9479
5.6 -6.8 16.667
8.4 2.8 -34.248
9.2 -4.4 -12.521
-2.4 -4 0.10959
2 -2 6.2366
8.8 -5.2 -0.1512
9.2 0.4 -28.598
-0.8 3.6 4.9064
1.2 8.8 6.5058
6.8 8 -15.242
4.4 6.4 -7.587
-1.6 -2.4 1.6765
-2.4 -9.6 22.58
0.4 -6.8 18.496
5.6 -6 12.185
-7.2 3.2 -13.051
-3.2 -4.4 -0.069427
6 8.4 -9.8793
7.2 1.7764e-015 -13.901
1.7764e-015 7.2 2.0876
1.2 3.2 -1.1551
-0.4 8 10.598
3.2 -5.6 14.011
2.4 4 -5.0756
-6.8 -2.8 -13.456
4.8 6 -10.517
4.8 -4.4 11.904
7.6 -2 -10.6
1.6 -4.8 14.356
3.6 -2 1.9709
-9.6 -3.2 -40.959
9.6 -2.8 -10.956
5.2 -4.8 4.3807
-1.2 7.2 6.8903
3.2 -4.4 15.292
5.6 -1.6 -5.2704
7.6 0.4 -19.359
6.8 4 -18.24
-5.6 5.2 -7.8102
-4.4 9.2 13.353
-9.2 -0.4 -34.862
-3.6 9.6 16.011
2.4 -7.2 18.781
-6 -8.4 -5.989
-4.8 -0.8 -7.7534
0.8 1.2 -2.1914
7.2 -0.4 -16.858
8 -6.4 6.7864
4.8 -1.6 2.4989
-4.4 -8 5.7483
-9.2 4.4 -16.517
-0.8 8.4 11.734
6.8 0.8 -10.671
-2.8 5.2 5.7266
-2.4 -2.4 4.5258
-6 -6.4 -12.849
-9.2 -8.8 -29.67
-2.8 -8.8 19.923
-1.2 1.6 2.5603
1.6 5.6 -0.43534
-4 -2 -4.561
-3.2 -7.2 8.2906
-1.2 6.4 7.4744
-6.8 2 -20.382
3.6 8.4 -4.2595
8.8 -4.8 1.8601
-8.8 -8.8 -33.764
-9.2 4 -26.281
-6 9.6 12.047
7.2 7.2 -22.455
3.2 -9.2 31.045
-0.8 -7.2 17.501
-8 -5.2 -29.089
-8.4 -4.4 -35.711
-2 -7.6 16.12
-2.4 4.4 3.0754
10 -5.2 -4.8062
2 -2.4 9.4309
8 -3.6 -6.4727
-9.2 -5.2 -38.742
2 6.4 -3.4186
-7.6 3.6 -13.244
-8.4 -2 -35.575
1.2 -0.8 -2.0182
9.2 2.4 -32.446
-3.6 1.7764e-015 -3.8081
-8.4 0.8 -34.618
8.8 3.2 -25.289
-2.8 -2.4 -4.6465
8.8 -6 9.1725
-9.6 -4.8 -34.757
2.8 -4.4 10.258
-6.8 -0.8 -24.163
6 4 -13.856
1.7764e-015 -2 1.2321
0.4 6 2.3697
-2.8 0.8 -8.1962
-0.8 6.8 5.6967
-5.6 -5.2 -7.6086
-2.4 3.6 -1.4691
-8.8 0.4 -27.032
-6.8 9.6 11.407
10 -1.6 -24.235
-9.6 9.6 0.21373
8.8 8.4 -36.758
-3.2 -6.4 7.515
-5.2 -8 -0.60841
3.2 -3.6 6.6912
-0.8 -9.6 24.072
10 -0.4 -29.677
-6.8 8.8 5.058
0.4 -8.8 31.452
-8.4 1.7764e-015 -33.39
-5.6 -4 -15.294
-4.8 6 -3.579
-3.6 3.6 -3.1351
-8.4 -4 -37.821
2 3.6 -3.9824
8.4 -5.6 5.4416
8.4 -2 -12.492
-5.2 -5.6 -13.842
3.6 -6.8 31.552
-3.6 1.6 -5.1793
0.4 3.6 2.0093
2.4 -0.8 0.67793
-6 -6.8 -13.156
0.4 1.7764e-015 -2.249
-8.4 6.4 -10.488
-9.2 7.2 -23.138
8.4 -4 -5.494
-4.4 8 12.112
-7.2 2 -23.69
6 -0.4 -5.5122
6 1.6 -14.333
1.6 -9.2 31.767
-2 4 0.35266
2.4 0.4 -3.4839
-1.6 -1.6 5.3246
1.2 -6.8 25.011
-9.2 1.7764e-015 -36.572
-3.6 -6.8 7.1456
-4 10 11.207
-2.4 8 10.25
3.6 -8.4 25.864
-6 7.2 3.5256
-4 -8.4 11.306
-4.4 2.8 -14.011
5.2 8.8 -7.4256
2.8 8.4 -1.7256
-8.8 -2.8 -34.849
3.6 -1.6 -3.1108
7.6 9.6 -25.591
-9.6 -2.4 -39.462
-5.2 4.4 -0.89013
10 6 -38.812
-2 -6 8.6301
-7.6 10 3.4479
8.8 8.8 -34.495
2 3.2 -3.8973
-8.4 -3.6 -29.773
-2.4 -1.2 -0.93028
-7.6 8.4 -2.8988
-1.6 -8.8 24.111
-4 1.6 -2.9328
9.6 3.2 -38.464
8.8 -0.4 -14.365
3.2 -6.8 23.366
6 8.8 -10.865
3.6 -4 6.3528
9.6 -1.2 -19.734
1.2 6 1.2534
-9.6 -2 -41.977
2 -1.6 2.5477
-7.2 -0.8 -22.156
4 1.6 -3.4738
-2.8 -1.6 -5.4654
6 -3.2 -1.2151
-7.6 6 -9.5874
7.2 -9.2 31.37
9.6 -8.4 15.089
-3.6 5.2 1.3034
-8.4 -8.8 -21.433
-5.6 2 -12.718
7.2 -6 10.608
-7.2 -9.6 -7.2868
3.6 -5.6 22.538
-8.8 2.4 -30.544
6.4 10 -19.527
-4.4 -6 1.6848
-2.4 -7.2 13.941
-4 5.6 -5.0474
8 -0.8 -18.233
-9.6 -3.6 -43.243
8 2 -21.158
1.2 7.6 2.6442
-6.4 -9.2 -2.3144
7.2 0.8 -19.692
-7.2 2.8 -13.268
8 5.6 -24.949
-2.4 4.8 4.7837
-7.2 -7.2 -18.983
-8.8 2 -31.419
-6 0.8 -18.325
-2 0.4 -0.56397
-8.4 -6 -27.882
-4.8 4.4 -10.421
-6 3.6 -5.8969
-6 -5.6 -6.7683
8 -7.2 18.242
-5.6 -2.4 -15.514
-2 8.8 13.089
9.2 1.6 -26.234
-9.6 2.8 -29.743
-7.2 3.6 -15.511
9.2 -9.2 28.822
-3.2 4 2.3029
10 -2.4 -21.5
9.2 -1.2 -22.845
-8.4 -4.8 -27.388
6.4 6.8 -14.608
-8 -6.4 -28.259
8 9.2 -30.875
-0.8 -7.6 17.673
0.8 3.6 5.917
1.2 10 11.341
1.6 1.6 3.6337
-8 -8.4 -14.448
8 7.2 -31.352
6.8 -5.2 6.7938
6 -8.8 35.429
-5.2 1.7764e-015 -13.144
6.8 6 -18.895
7.2 2.8 -20.512
-9.6 6.4 -18.228
3.6 9.6 1.0019
-2 -5.6 6.2093
-9.2 6.4 -13.925
1.6 4.8 1.5944
7.6 4.8 -22.121
9.2 4.8 -33.372
-9.2 -6.4 -32.219
8 -8.4 22.791
-1.2 -9.2 21.201
1.7764e-015 2 -4.8782
6.4 4.8 -17.81
9.6 8.4 -37.847
-1.6 -8 21.084
0.8 6.8 9.7697
-3.2 7.6 9.732
6.8 -9.2 35.962
-2.8 2.8 0.59698
-5.2 -6.8 -4.4578
8.4 -2.8 -9.8748
-1.6 -4.4 5.2694
-2 3.6 2.4661
2 -4.4 11.123
-5.2 -7.6 6.5518
-2.4 -4.8 4.038
-4 4.4 0.29472
-6 6.4 3.2103
-9.6 -9.6 -30.661
-4 -6.4 0.49026
1.6 -1.6 -0.45561
1.6 4.4 -0.61711
7.6 -6.8 9.2237
3.6 -6 17.051
5.2 2.8 -7.4206
2.4 5.2 -0.67365
-4 5.2 -0.66465
6 6 -14.613
-6 -1.2 -13.259
-2.4 -6.4 9.3741
-2 0.8 -1.1647
0.4 2.8 1.2343
-7.6 -4.4 -24.109
-4.8 0.8 -7.5299
8 -2.8 2.3396
-9.6 3.2 -29.681
6.4 8.8 -20.478
-9.6 6 -21.553
1.2 -9.6 34.174
-8.8 1.6 -37.083
3.6 -8.8 34.54
10 4.8 -43.82
2 -5.6 12.428
-7.2 8.8 9.7234
10 9.6 -39.351
7.2 3.6 -18.411
6.4 -7.2 22.328
3.2 -0.8 1.08
1.2 -3.6 6.8455
7.2 -7.2 18.96
3.2 6.4 -0.87232
4.4 -2.4 1.2482
-4.8 8.4 9.3443
1.7764e-015 6.4 1.9442
-8.8 7.2 -9.9161
2.8 10 11.475
-6 7.6 -2.1743
-8.4 6.8 -12.703
-4 -1.6 -5.8438
-0.4 -8.4 24.609
-4.4 -6.8 -2.1507
4.8 -3.6 3.9604
3.6 0.4 -2.3569
-3.2 8 11.727
3.2 0.8 -0.37313
9.6 -3.6 -11.541
-9.6 -8 -38.728
1.7764e-015 -8 21.928
2 0.8 -0.72141
-8.8 -1.6 -26.975
3.2 -9.6 33.604
10 2.8 -35.911
-0.8 0.4 -1.7711
-2.4 9.2 15.577
7.6 10 -15.526
-9.6 -6.8 -31.456
0.4 -2 7.367
7.6 5.2 -29.894
6.8 -9.6 28.399
-4.4 -2.8 -9.5277
9.6 -9.2 25.514
5.2 -6.8 21.521
-5.6 -3.6 -13.848
-1.6 -3.2 3.2095
1.2 -9.2 31.263
-5.2 2.8 -13.239
8.8 6.8 -35.073
-3.2 4.8 4.1904
-5.2 -4 -14.829
10 -2 -16.473
-2 5.2 0.27289
0.4 9.2 13.773
-9.2 8.4 -4.4994
-1.6 -6.4 14.174
-8 4 -17.047
-6.8 2.8 -15.959
-5.6 9.2 13.684
-8.8 -4.8 -29.785
-2.8 -8.4 14.524
-8.4 -9.6 -24.526
4.4 5.2 -9.8893
7.6 -2.4 -10.164
7.2 -6.4 11.911
-0.4 5.2 5.6793
7.6 2 -18.343
1.6 -8.4 26.091
-5.2 8 3.4746
4.4 4 -8.601
1.7764e-015 -0.8 0.18186
-4.4 -0.4 -11.202
-5.2 1.2 -9.5407
1.7764e-015 -6 10.633
-6.4 -4.4 -19.927
6.8 -3.2 -2.3365
2.4 10 8.5246
5.2 0.4 -7.2784
6.8 5.2 -25.044
-1.2 -1.2 6.1632
9.2 -8.8 22.28
2.4 -6.4 21.088
2.8 4.4 -2.296
8.8 2.8 -21.878
1.7764e-015 -1.2 -5.1618
3.2 -8.8 28.747
-4.4 -8.4 7.2922
0.8 -6 13.878
-8 -3.2 -32.121
-7.2 -4 -26.791
-0.8 10 15.313
-6 -1.6 -16.897
-8.4 1.2 -27.5
8.8 5.6 -33.682
8 -6.8 18.157
0.8 1.6 -4.6947
-9.2 5.2 -19.498
-0.8 -0.8 -1.7548
-6 -7.2 -12.482
0.8 -9.2 29.184
10 -8.4 20.041
8 -2.4 -7.2455
-4 -5.2 1.4236
3.2 -4 12.774
-7.6 -5.6 -24.16
-0.8 8.8 15.542
4.4 -9.2 32.649
6.4 -6.4 15.465
9.2 -6.8 14.821
-7.2 -8 -17.343
-3.6 9.2 16.135
-6.8 6.4 -4.6417
5.2 1.2 -4.1801
6 7.6 -21.932
-5.2 6.4 6.4665
-1.2 -0.8 -1.918
-9.6 0.8 -35.461
7.6 2.4 -17.885
-0.4 -0.4 -2.8826
8.8 -8 18.916
-0.8 9.6 17.657
5.2 8.4 -8.5031
-2.8 -5.2 4.0544
8.4 -9.6 30.425
8.4 3.6 -31.84
4 2.8 -4.9714
0.4 2 -1.8281
-4.4 8.4 13.483
-3.2 6.8 11.52
0.8 8 11.414
2 -4.8 12.276
-5.6 -8.4 -4.6468
-2 6.4 2.7123
-5.6 8.4 12.242
8.4 10 -24.698
10 -4.8 0.70437
4.8 -5.2 11.765
-0.8 -1.6 5.9658
5.2 -4.4 10.084
-6 0.4 -17.536
2.8 -6.8 15.389
3.6 0.8 -0.57829
1.7764e-015 0.8 2.7556
-6.8 0.8 -21.032
9.2 4 -33.619
0.4 -9.6 31.905
-9.6 -4 -41.674
7.6 1.7764e-015 -10.781
-9.6 -1.6 -43.006
-5.2 5.6 -1.0799
1.2 -2.4 6.2293
4.4 -0.4 -0.69851
-6 -2.4 -10.758
1.6 3.2 4.659
-0.4 -3.6 4.9737
2 -3.6 4.255
1.6 -0.8 9.4521
-6 3.2 -10.579
-2.4 1.2 -3.8099
10 1.2 -35.708
-6 -4.8 -11.475
1.6 7.2 4.362
7.6 -4.4 6.05
-0.4 6.4 5.8774
-2.8 2.4 0.95282
5.6 2.4 -3.2319
1.2 -8.8 31.882
6.8 -4 3.8172
4.8 9.6 -7.0886
4.8 -7.2 27.837
-1.2 -9.6 26.163
10 6.4 -41.216
6.4 4 -18.768
-4 -5.6 0.016408
-4.4 7.6 6.4508
0.4 -7.6 23.686
-8 4.4 -14.43
3.6 -1.2 -2.8047
-2.4 -8.8 18.356
6.8 8.4 -13.794
5.6 -3.6 3.952
-9.2 -7.2 -35.915
2 2.4 -3.6668
8 5.2 -26.021
-2 7.2 4.8367
6 2 -12.07
8.4 -8.4 20.704
-5.6 1.2 -11.456
-6.8 -8.4 -7.0124
-8.4 -1.6 -30.295
-6.4 0.4 -21.759
-8.8 -0.4 -34.405
-1.6 -1.2 2.9773
-4 1.7764e-015 -5.9702
-4 8 11.029
7.6 -2.8 -6.4541
6 -6.4 12.679
0.8 6 2.8024
-8.4 -2.8 -30.368
1.2 -7.6 28.055
-8.8 -5.6 -38.182
-3.2 -7.6 10.394
6.4 -5.6 13.568
-0.8 1.2 -6.0204
-8.8 4.8 -24.216
3.2 -2.8 8.2948
4.4 7.2 -3.9074
-5.6 7.6 2.7578
1.6 7.6 7.5436
-9.6 7.6 -14.164
-1.2 1.7764e-015 0.162
8.8 0.8 -26.8
-2.4 6.8 7.5468
0.8 4.8 3.0706
-1.6 3.6 8.1859
1.7764e-015 -7.2 22.511
0.4 -3.2 9.7525
-2.4 7.2 9.2838
-8.8 -7.2 -32.31
-7.2 7.2 -1.4357
9.2 10 -34.901
4 9.2 -0.18862
-9.2 9.6 2.7609
1.6 -3.6 3.1489
-5.6 4.8 -5.7181
4 2 0.072385
-1.6 -4.8 -0.18179
-9.6 1.7764e-015 -42.243
8.4 -6.4 9.6099
4.8 -9.2 30.904
-7.2 -1.6 -25.269
4.4 -8 30.225
1.6 3.6 -5.0383
4 2.4 -5.9646
-8.4 -0.4 -25.532
-3.2 3.6 -6.9547
-7.6 6.8 -6.7244
-1.6 7.2 3.7584
1.2 1.7764e-015 2.1777
5.6 3.2 -16.682
4 0.4 -7.238
-0.8 -3.6 8.422
-4.8 -7.2 -5.269
-0.4 -3.2 5.5142
-8 -2 -26.296
2.4 -6.8 25.027
5.6 9.6 -14.72
10 7.6 -45.807
5.6 -7.2 19.511
-6.8 -2.4 -23.784
3.2 4.8 -9.1832
1.6 -4.4 6.7998
0.4 8.4 9.8942
2.8 -0.4 0.061041
-7.6 -0.4 -23.986
10 -7.6 15.835
0.8 2.4 2.9479
6.8 4.4 -19.166
3.6 3.6 -7.969
-6.8 7.2 0.6238
2.4 -4.8 13.84
5.6 -5.2 11.241
-8 0.4 -31.268
7.2 9.2 -18.249
-8.4 2.8 -23.007
4.4 3.6 -3.4273
-2.8 8.8 15.715
-6.4 -6 -12.297
-5.6 -7.6 -7.023
4.8 -0.8 -3.7163
-8.4 9.2 3.4048
-6 -7.6 -10.684
4 5.6 -6.8277
-6.4 9.6 5.8647
7.2 -8.8 34.029
4.8 10 -0.53107
9.2 -0.4 -21.049
6 -6 9.1251
-0.8 4 0.87932
1.6 -7.2 22.651
-8 7.6 -3.8569
-8.4 3.2 -24.199
1.7764e-015 -4.8 8.2951
-2 2 -4.1581
-7.6 -2.8 -24.621
2 -0.8 -2.6884
-6.4 -6.8 -13.37
-5.2 1.6 -17.748
-8 -6 -20.486
4 9.6 3.2816
7.6 3.6 -28.873
-0.4 2.8 3.5682
2.8 -5.2 11.75
-6 1.2 -11.584
-7.2 1.7764e-015 -17.24
-0.8 -4 5.3956
9.6 -4.4 -5.2594
8 -2 -13.564
-0.8 1.7764e-015 -1.1182
5.2 6.8 -14.483
7.6 8.8 -20.637
6.4 -6.8 18.184
-2.8 1.2 -1.2736
-4.4 3.2 -6.2397
-6.8 -7.2 -7.3712
4 0.8 -0.11691
5.6 -1.2 -2.1945
-3.6 7.6 6.836
5.6 0.8 -14.529
0.4 -2.8 1.1355
-6.8 8 0.84253
-4.4 -2 -12.792
4.4 -6 14.687
-4.8 -1.2 -14.957
-9.6 2.4 -34.982
2.4 -3.6 9.3342
8 8 -30.025
3.2 4.4 -1.7515
-8.8 10 -2.9459
2.4 8.8 10.715
-9.6 -7.6 -31.767
-5.2 -6 -7.4018
-1.2 -6.8 9.341
8.4 -3.2 -6.2207
-2.4 -0.4 -4.1746
-8 -2.4 -30.165
10 -9.6 28.456
7.6 7.6 -30.349
-6.4 9.2 10.311
-4.8 10 13.944
3.2 10 5.3026
2.4 2 -1.9034
-4.8 1.2 -12.105
8.4 1.2 -24.91
0.8 -2.8 5.5267
-8.8 1.2 -32.831
8.8 -4.4 -3.7911
8 8.8 -25.429
0.4 7.6 5.6789
4.8 -6 20.297
3.2 1.2 -0.71607
-0.4 -6 14.831
7.2 6.8 -30.075
2.8 -4 9.3148
7.2 -3.2 -1.0319
-8.8 8.4 -2.7669
5.6 -7.6 26.178
-6.8 -4 -21.397
6.8 7.2 -20.675
7.6 -0.8 -8.7009
-1.6 2.8 -0.29816
2.4 -9.6 36.08
-9.6 6.8 -12.194
6.8 -6.4 11.843
-4 3.6 -6.8024
-8 -3.6 -33.888
6 5.2 -16.244
4.8 -8.8 35.388
7.6 -7.6 27.31
6.8 1.2 -17.526
4.4 -4.4 8.7466
4.4 -8.8 39.825
8.8 7.2 -38.346
-8.8 0.8 -29.228
-2 9.2 10.846
1.2 -3.2 9.13
7.6 7.2 -29.352
2.8 -4.8 8.5731
9.2 5.6 -42.421
8.8 4 -32.595
0.4 1.2 3.3879
-8.4 -5.6 -27.379
-9.2 3.6 -25.784
-9.6 2 -28.547
-0.4 -5.6 18.06
-2.4 1.7764e-015 3.9167
7.2 1.6 -17.529
4 -4 6.7998
-8.8 -8.4 -29.03
8 -8.8 23.601
7.6 -1.6 -9.8257
-9.2 -4.8 -43.426
6.8 -1.2 -13.763
7.2 6.4 -20.702
3.2 -2 1.7741
-3.6 -9.6 18.152
6.4 -4.4 3.3658
-1.6 -5.6 4.7303
-6.8 -4.4 -23.682
-3.6 -9.2 11.822
1.7764e-015 1.2 2.0172
2 -8 20.608
-5.2 -3.2 -12.831
4.4 -0.8 -2.1653
-5.2 -0.8 -16.006
-0.4 -2.4 4.6148
-9.2 6 -17.701
-5.6 10 16.85
-8 5.6 -12.628
-8 5.2 -10.279
0.8 4.4 5.3888
6 -0.8 -7.2492
-1.2 5.2 6.1664
-2 -8 8.8585
2 -7.6 19.869
-6.4 1.6 -17.906
-1.6 -7.2 10.672
-8.4 -0.8 -32.896
10 7.2 -49.975
1.2 0.8 -0.63341
-1.2 3.6 1.4497
-5.2 -2.8 -11.44
9.2 0.8 -25.638
-4.8 -0.4 -7.4502
-7.6 -8.4 -19.666
-5.6 6 -2.4517
-1.6 -9.6 19.624
-6.4 4 -8.1883
-8.8 9.2 7.2988
-2 -2.8 1.6516
-4 0.4 -3.3897
-2.4 8.4 14.452
-2.4 -5.6 7.2139
5.2 1.6 -5.534
-2.4 -4.4 1.459
-1.2 8.8 15.775
7.6 -6 9.4965
2.4 8.4 3.0904
-9.6 8 -9.7088
6.8 -6 12.162
-3.2 -6.8 -3.4776
-8.8 -7.6 -28.192
2.8 3.6 -1.4243
4.4 -6.4 21.713
-6.8 -6 -12.101
3.6 -4.8 9.5323
-2.8 9.6 17.843
8.8 -0.8 -27.939
-3.6 -8.4 8.2051
-3.6 6.4 -1.1595
0.8 4 -9.1138
4 8.4 -1.8462
8.8 -7.6 15.427
-9.2 0.4 -38.465
8 2.8 -26.657
1.7764e-015 -8.8 26.008
0.8 7.2 2.1341
2.8 0.8 -0.14437
8.4 -9.2 28.763
-7.2 4.8 -9.9621
-3.2 -4 4.6342
-7.2 5.2 -9.1793
-6.8 1.6 -14.958
4 -6.8 20.707
9.6 -5.2 -6.1655
5.2 3.6 -7.9855
-9.6 7.2 -16.157
2.8 6 0.51229
1.7764e-015 7.6 8.7822
2.4 9.6 10.969
-4.4 -9.2 11.443
-2.8 -9.6 20.817
-0.8 7.2 0.12465
4.8 3.2 -15.127
8.4 3.2 -26.807
6.8 2.4 -17.857
7.2 5.6 -25.154
1.2 4.8 3.5927
6 7.2 -15.826
-7.2 -4.8 -19.655
4.8 5.6 -17.594
-1.6 8.8 12.735
0.8 -4.4 11.888
5.6 6.4 -9.9013
-4.8 -7.6 3.4968
4 4.4 -8.0642
4.8 9.2 -3.2147
8 -5.6 5.3845
5.6 0.4 -8.823
4 7.2 -7.4894
5.6 -4.8 7.5942
-0.4 -0.8 -1.2154
-9.6 5.2 -20.119
-4 6.8 5.797
-9.6 -7.2 -35.422
-8 -2.8 -33.168
1.2 5.6 0.87424
1.6 9.2 5.0219
-2 10 22.347
5.2 -1.6 -1.6999
1.6 -0.4 3.1337
-9.2 10 9.5804
-3.6 -0.4 -6.5563
3.2 -1.2 2.232
0.4 -4 2.7592
1.2 4 -2.2639
1.6 -6.4 17.694
2 -6.4 14.415
-2.8 6.4 5.1042
4.8 7.2 -6.3848
-0.4 1.7764e-015 -0.9764
-8 -8.8 -18.778
0.4 -7.2 15.61
8.8 -1.2 -21.563
-6.4 4.4 -10.039
0.8 1.7764e-015 -4.0178
-4 4 -4.5103
4 -9.2 31.967
0.8 9.6 10.236
-5.6 4 -1.7439
0.8 -1.6 5.2617
-2 2.4 4.2654
-6 -8 -10.021
6.4 -3.6 -3.1888
9.2 -6 6.676
6.4 -6 12.315
6.8 2 -14.116
4.8 -8 27.962
-4.4 -4 -7.0576
3.6 9.2 -1.5477
-6.8 -3.2 -16.353
6.8 8.8 -14.843
5.2 -5.6 13.052
5.6 8.4 -2.366
-9.6 1.6 -32.88
-0.8 -6 9.6877
8.4 1.7764e-015 -24.886
6.4 6.4 -19.684
-8.4 8 -5.1027
-5.2 6 -7.4191
6.4 5.6 -19.237
4.8 -9.6 39.915
-6.4 6.8 -5.9109
-8.4 5.2 -17.309
8 -9.6 32.509
-9.2 -2.4 -40.79
4.4 1.6 -5.4354
-5.2 8.8 15.362
-5.2 -0.4 -16.548
-5.2 2 -12.259
-5.6 -8 -3.0077
-6.4 -2.8 -19.648
8 1.2 -21.433
3.2 5.6 -3.7399
0.4 -8.4 21.625
-1.2 -5.2 10.083
4.4 4.4 -11.617
-5.2 4.8 -9.8885
7.6 -5.6 6.154
-0.4 -9.2 29.152
1.7764e-015 -2.8 6.9374
-3.6 -7.6 13.522
6.4 4.4 -19.986
10 1.7764e-015 -29.905
-4.8 3.6 -6.6581
7.6 -8.4 25.433
-4.8 0.4 -13.16
4 -5.6 17.228
6 -6.8 14.442
-1.6 9.6 14.632
6.4 9.2 -5.2908
2.4 9.2 9.6848
0.8 -2.4 1.1215
-4.4 1.6 -5.7285
4.4 1.7764e-015 -5.9551
4 4 -6.5471
3.2 -0.4 -2.7227
-4 -3.2 -4.3775
1.6 -4 3.8842
0.8 -0.8 0.45448
-8.4 -6.4 -38.667
5.6 6.8 -15.055
8 1.6 -22.918
1.2 -5.6 10.48
6.4 1.7764e-015 -8.5556
-8 1.2 -27.709
0.8 -5.6 14.72
9.6 5.6 -39.005
-9.6 9.2 -2.4245
6.8 3.6 -22.116
1.2 4.4 1.2391
-9.6 -4.4 -41.413
-9.2 -4 -34.807
8 -4 0.078718
8 3.6 -20.867
-1.6 7.6 6.3911
6 9.6 -9.5977
9.2 7.6 -37.199
-9.2 -4.4 -34.674
-7.2 -3.6 -19.939
4.4 -9.6 38.45
3.2 9.2 4.2311
-4 7.2 0.7068
-4.4 0.8 -8.4408
5.2 -5.2 9.8753
4.4 6.8 -7.1684
-4 -3.6 -7.9967
-9.2 5.6 -21.708
5.6 9.2 -16.304
8.8 9.6 -36.903
-7.6 -9.2 -18.696
-1.6 -7.6 21.947
8.4 4 -32.271
5.2 6 -12.237
6 2.4 -14.611
1.7764e-015 -6.4 20.311
2 6.8 2.7768
8.4 0.4 -22.074
-6 -2 -15.692
-4 -4.4 -3.3895
10 8.4 -41.481
-4.4 -6.4 1.9833
1.7764e-015 6.8 -4.3811
-5.2 -5.2 -8.7617
1.6 -3.2 5.7246
0.8 -7.2 21.008
-4 -8 0.77383
1.2 -0.4 0.64735
-8 -4.8 -22.12
8.4 0.8 -21.949
-6.4 8.4 1.699
4.4 5.6 -9.3249
-7.6 4.4 -15.561
-7.6 -4 -26.356
5.6 4.8 -12.32
7.6 -3.2 0.28562
1.7764e-015 -1.6 0.19811
-2.4 -7.6 12.726
-6 8.4 6.8048
-3.6 -0.8 -4.3124
-6.4 -2 -19.074
-3.2 -8 9.0442
-6.8 0.4 -21.872
-5.2 2.4 -9.5782
2 -6 18.522
0.8 0.8 0.14439
-2 5.6 2.9608
8.8 -3.2 -3.3713
5.6 -5.6 13.67
-0.4 -4.4 13.489
6.4 2.4 -14.134
-4.4 6 4.366
3.6 4.8 -5.3285
-0.8 4.8 3.7561
-7.6 5.2 -14
-1.2 4.8 1.5265
0.8 8.4 6.9812
-7.2 9.6 14.266
-5.2 -6.4 -6.7904
2.4 -8 28.061
-6.8 -4.8 -19.886
-6.8 3.6 -14.834
2.4 1.6 -3.8923
6.8 -2.4 -4.8943
9.2 4.4 -28.642
10 0.8 -24.315
-3.6 2.4 -4.677
-6.4 3.2 -5.2029
5.2 7.6 -2.833
-0.4 0.8 -2.3228
-0.8 -4.4 2.0763
-7.6 6.4 -10.604
-5.2 -4.8 -9.6839
4.4 9.2 1.766
5.6 -2 0.17845
8 0.4 -24.499
-5.6 -4.4 -16.196
-3.2 1.7764e-015 -4.9311
-3.2 -2 -2.9551
-6.4 7.2 3.2522
-2 -6.4 12.764
3.2 4 -0.72183
2.8 7.2 -4.9693
-8.8 -6.4 -30.607
-2 8 12.428
4.4 -3.6 4.9832
-4 -6.8 -0.85104
-3.6 5.6 1.8846
-5.6 0.4 -15.613
4.8 7.6 -3.3056
6 -8.4 25.677
2 -9.6 31.652
2 9.2 8.0949
-2 -1.6 -0.68215
-6.8 -8.8 -10.861
9.6 -5.6 -1.129
1.7764e-015 3.2 3.0091
2 8 7.9789
-3.6 0.4 -7.2267
2.8 5.6 3.0877
8.4 5.2 -35.579
0.4 9.6 11.117
-9.6 -0.8 -45.261
5.2 4.8 -11.088
0.4 -0.8 2.5271
-6.4 -0.4 -17.859
-8.4 -7.6 -22.965
9.6 2.4 -36.545
-5.6 3.6 -4.4592
2.4 6 -0.60457
5.6 -9.6 33.424
-5.2 -1.6 -12.686
6.8 9.6 -18.69
-5.2 3.6 -7.9825
9.6 4.4 -37.915
4.4 0.8 3.2051
-6.4 2.8 -5.5514
1.6 6.4 4.0841
-9.2 3.2 -29.07
9.6 4 -36.097
7.2 -1.6 -2.1896
-2.4 9.6 16.552
4.8 8 -8.5154
5.6 2.8 -12.911
9.2 3.2 -32.821
-1.6 4.4 3.7745
-0.8 -8.4 26.848
-5.6 -9.2 3.0177
-3.6 6 -4.0474
7.6 3.2 -23.322
-6 -4.4 -14.897
8.4 -7.2 13.833
3.6 -3.2 10.694
-9.2 8.8 -5.1552
-9.2 -3.6 -41.497
-4.8 -6 -2.0533
-1.6 5.2 1.2706
-7.2 1.6 -21.064
-8.8 7.6 -6.7788
6.4 8.4 -22.117
2 -5.2 18.319
-9.2 9.2 -4.2565
-7.6 -6.8 -21.92
5.6 -8 25.636
9.6 1.2 -24.7
-6.8 4 -8.8742
7.2 -5.6 14.435
-3.2 8.8 11.813
4 -0.8 -1.8991
-1.2 -8.4 22.97
3.2 -6.4 20.083
1.7764e-015 5.6 0.66518
6.4 -4.8 3.5231
7.6 -9.2 33.627
1.2 -4.8 10.713
6 6.4 -15.643
1.7764e-015 9.2 13.539
-1.6 4 -2.7576
-0.4 10 15.154
-6.4 -5.2 -15.008
2.8 2.8 -2.9081
-9.2 -0.8 -39.017
-2.8 -7.6 11.075
9.2 -2 -21.521
-1.2 -2.4 2.4832
3.2 6 -3.5641
-2.4 -6.8 11.68
4.8 -3.2 1.0004
-3.2 -1.2 -7.246
-2.8 5.6 1.5834
-9.2 -5.6 -37.386
-2.8 -7.2 6.7992
2.8 1.2 -1.0231
-8.8 5.2 -21.28
-7.6 0.8 -21.91
-5.6 2.8 -12.255
3.6 2.8 -0.69618
6.4 -2.4 -4.6788
0.8 3.2 -2.5641
2 0.4 -1.9269
-1.2 -4.8 9.2225
10 -0.8 -27.442
2 9.6 10.678
8.8 6 -36.596
4.4 2.4 -8.9451
-8 -4.4 -20.717
5.2 2.4 -17.755
6 -9.2 32.487
8.8 -8.4 24.076
-9.6 -5.2 -40.007
6 -1.6 -7.829
8 3.2 -23.534
-6 8.8 6.8279
-0.8 7.6 7.3614
-0.4 9.2 8.6464
9.2 -4 -2.331
-2 9.6 13.853
9.6 -0.8 -21.646
2.8 -6 17.208
-5.6 -2 -11.441
-6 10 14.281
-6.4 -4.8 -16.154
-2.8 3.2 -4.445
-7.6 2.8 -16.469
-3.6 2.8 -2.0855
9.6 7.6 -41.268
1.2 -5.2 16.148
7.6 2.8 -23.458
2.8 -3.2 0.85785
6.8 -8 27.648
6 -5.6 16.924
4.4 -4 2.6007
-9.2 2 -34.984
2.8 -6.4 20.19
-0.4 8.4 11.837
-7.6 9.6 9.6184
-2.8 10 18.886
0.4 3.2 1.6211
-4.8 5.2 2.322
6.8 7.6 -23.883
-3.2 6 6.1659
-4.8 -6.4 -4.9656
-3.6 -6 -0.57651
1.6 0.8 0.25628
0.8 -7.6 28.243
-8 6 -11.154
3.6 -2.4 5.2873
4.4 -8.4 33.607
6.4 -0.8 -3.2198
2 4.8 0.72569
-4.8 -5.6 -5.4336
-8.8 -9.6 -24.427
-6.4 2.4 -12.706
-1.2 1.2 -1.0831
-2 8.4 6.2823
5.2 -9.2 31.769
-4.4 4 -8.9254
-6.8 -0.4 -20.748
0.4 -8 28.433
0.4 4.4 -5.9721
-9.6 -8.8 -36.475
-2 -0.8 -2.2498
8.4 7.6 -30.083
-8.8 4.4 -18.378
-7.6 -7.2 -14.662
6.8 9.2 -18.781
-8 9.6 7.0028
5.2 5.6 -15.331
-1.6 8 14.015
2.4 5.6 0.66704
-7.2 -5.6 -16.547
-0.4 -4.8 4.4622
1.6 -5.2 21.39
4 -1.6 2.4321
-8.4 8.8 5.0446
0.4 5.2 1.5616
-4.8 -8.4 1.1395
8 4.8 -21.876
3.2 -8 27.748
-7.6 0.4 -21.629
-0.8 5.6 5.8136
-2.8 9.2 15.463
-3.6 10 21.779
4.8 -2 -0.36464
-3.6 -5.2 -0.11586
0.8 8.8 3.0117
6 -7.6 27.657
-8.4 7.2 -10.853
6 1.2 -12.802
2.4 -8.4 33.802
-7.2 7.6 -1.7836
6 -4.4 10.112
5.6 -4.4 12.115
-8 -9.2 -16.612
8 9.6 -22.832
-8.8 5.6 -9.5294
-9.6 8.8 -8.1708
3.2 8 -1.072
9.2 8.8 -35.259
8.8 1.6 -24.699
4.4 3.2 -15.213
-5.6 4.4 -6.8553
-3.6 4.8 0.35452
-5.2 -2.4 -10.846
5.6 -3.2 -2.6724
-8.4 -8.4 -24.539
2.8 -9.2 32.589
-2.8 4.8 -5.0766
7.2 0.4 -18.463
-0.4 -2 0.79184
-6.4 2 -18.951
1.6 -6.8 22.783
8 -4.4 3.5156
4.8 -2.8 4.1418
8.8 5.2 -34.225
-1.2 -4 3.7878
-0.4 2.4 -2.0089
7.2 -0.8 -13.219
1.6 0.4 0.65415
0.8 10 11.74
3.2 -8.4 26.933
2.8 3.2 -4.7961
2.4 6.4 1.21
-8.4 2 -30.911
-4.8 -1.6 -10.893
10 0.4 -34.666
-1.2 8 8.9945
2 7.6 5.7502
6.8 -7.2 19.152
-5.6 3.2 -10.735
9.2 -3.6 -12.033
-3.2 -2.4 -2.9949
8.4 -4.4 -2.7869
1.7764e-015 -5.2 9.8901
-1.2 10 19.272
4 -6 9.1574
-1.2 -5.6 8.0946
-2.8 -3.2 -0.99572
4 7.6 0.30874
8.4 -8 26.344
8.4 9.6 -28.939
10 -5.6 2.4663
2.4 -1.2 4.1469
-1.6 -6 9.403
-3.2 5.6 -0.79933
-3.6 -8.8 10.137
1.6 8.8 8.6676
5.6 8 -10.419
6.4 8 -17.152
-6.8 -9.6 -3.5781
1.6 -8.8 21.792
-6 2.8 -15.44
9.6 6.8 -41.217
6.8 -3.6 2.92
-6.4 -7.2 -9.9848
-3.6 7.2 0.827
1.6 -5.6 17.269
-2 -3.6 5.8319
9.6 -0.4 -29.631
-2.8 -6.8 11.887
-3.6 -1.2 3.4494
9.2 -7.6 13.844
8.8 -2.8 -7.9712
-1.6 10 15.374
-4.4 -0.8 -12.694
-8 6.8 -8.3338
8.8 1.2 -28.413
7.2 8.8 -26.677
4.8 4.4 -11.802
-2.8 -4 0.25275
7.2 -2.4 -5.2371
7.6 -7.2 20.671
7.6 8.4 -22.246
2.4 0.8 -5.5524
-0.4 -2.8 4.8337
-7.6 -1.6 -18.893
4.8 6.8 -6.6892
-5.6 1.6 -16.013
0.4 2.4 1.3399
6.4 -5.2 7.2536
1.6 9.6 10.442
-1.2 8.4 17.122
9.6 8 -39.7
-0.4 6 2.1061
6 -1.2 -2.9486
-5.6 -6 -10.638
8.8 2.4 -29.516
-9.6 -1.2 -38.329
9.2 -2.8 -9.9448
0.4 1.6 0.56572
6.4 7.2 -20.307
1.2 0.4 5.2188
4.8 4 -12.544
1.2 5.2 -4.0374
4 10 -1.6961
-8 3.6 -14.66
-2.8 -5.6 3.547
-8.8 -9.2 -20.076
9.2 -7.2 9.4969
3.2 7.6 -1.7493
-3.2 -9.6 15.433
6 -2 -6.6725
7.6 0.8 -22.202
2 5.6 -1.4989
-3.2 -9.2 13.652
-4 -1.2 -7.6225
2 -8.8 31.551
-6.4 -2.4 -13.034
-8 -0.4 -22.496
2.8 8.8 8.442
6.8 -4.8 6.3403
-2.8 4 6.7707
10 3.6 -43.657
-6.4 7.6 2.0018
3.2 -5.2 11.785
0.8 7.6 4.3672
2.8 7.6 1.0901
10 1.6 -33.1
-2.4 -8 18.474
8.4 -0.4 -19.031
-1.6 -0.8 -1.455
-6.4 4.8 -11.461
-1.6 2 1.8521
-2.4 3.2 -1.3743
6 8 -10.314
9.2 -0.8 -25.566
-8.4 10 12.2
2.8 -5.6 15.571
-6 6.8 -4.2062
9.6 9.6 -37.979
-8.4 -2.4 -30.489
-6.4 6.4 -9.2939
7.2 -7.6 24.332
7.2 -6.8 20.538
-5.2 -9.6 2.2649
-1.2 2.4 -1.1737
-1.6 6.4 8.3446
1.2 -6.4 20.819
-4.8 -2.8 -8.7738
5.6 -9.2 34.634
4.4 6 -10.756
-7.6 3.2 -18.171
-2 -0.4 2.4519
-6 4 -12.974
-0.8 -2.4 -0.17611
10 -9.2 20.974
-4.4 -4.4 -4.0096
9.6 7.2 -38.141
-1.6 1.2 3.6143
-6 -3.6 -15.576
-1.2 -8 14.507
5.2 -2 -2.6944
4.4 9.6 -2.6527
2.8 -8 23.995
8 -1.6 -10.06
-6 -2.8 -12.269
-4.8 4 -9.5851
-0.8 4.4 0.076039
-6.8 6 -7.7379
-7.6 4.8 -16.492
-4 2.4 -7.309
8.4 -6.8 12.915
-0.4 7.6 9.9197
8.4 2.4 -28.244
-6.8 7.6 -1.4379
9.6 -6 3.7408
-0.4 4.8 3.6803
1.2 -8 27.501
-9.2 -8.4 -31.995
6.8 -2.8 -0.77528
-5.6 -2.8 -19.146
-6.8 5.2 -9.6816
2.4 1.7764e-015 -6.7642
-4.8 -8 -0.082054
2.8 -2.8 1.5418
4.8 2 -1.5632
-4.4 -2.4 -9.2796
-6.4 -9.6 3.4028
9.6 3.6 -38.928
9.2 7.2 -34.027
0.8 -6.4 15.299
3.6 1.6 -3.3557
2.8 -2.4 5.8704
-6.4 -8 -8.4724
-2.8 -2.8 -1.2957
8.4 7.2 -26.457
5.6 -0.8 -4.7293
1.6 10 14.019
-0.8 -6.4 12.252
-6.8 -1.2 -25.841
5.6 -2.4 -4.5401
-0.8 -9.2 20.437
1.6 4 2.153
-4 7.6 9.6744
-8 -8 -20.579
7.6 8 -26.036
8.4 9.2 -32.7
2.4 -9.2 37.376
0.4 -5.6 17.33
-7.6 -7.6 -24.492
6.8 1.6 -15.539
10 8.8 -41.865
2 10 11.097
8.8 -6.8 4.444
8.4 8.8 -29.898
9.6 -2 -22.958
2.4 -5.6 17.742
-2.4 -9.2 18.818
0.8 -8 25.348
-9.6 -0.4 -35.549
-0.8 -0.4 0.59135
-8.4 9.6 5.7062
4 -2.4 3.0526
3.6 8 0.15389
-9.2 2.8 -27.088
2.8 -0.8 -2.0277
8.8 -9.6 25.578
7.2 8.4 -13.442
4.8 -7.6 23.612
9.2 -6.4 5.9907
3.6 -8 26.047
-0.8 -2.8 -0.81198
9.6 4.8 -42.821
-8.8 -6.8 -31.607
8.4 6.4 -37.28
-4.8 1.7764e-015 -7.5064
-9.6 0.4 -36.398
0.4 6.8 8.4292
-8.8 -8 -32.434
8.8 7.6 -34.483
4.8 2.8 -8.1539
4 -3.2 2.2546
-1.2 -6.4 14.867
-7.2 -5.2 -18.397
-8 2 -24.56
2.4 -2.8 7.1472
8 -6 7.3714
5.6 -8.8 39.812
2 -2.8 5.5312
5.2 -3.2 0.90065
6.4 -1.6 -1.5265
-1.6 2.4 -0.66167
-7.6 -9.6 -8.8267
1.7764e-015 1.7764e-015 1.7965
10 -3.6 -10.718
7.6 6.8 -25.406
-4.4 0.4 -8.6838
-8.4 0.4 -26.124
9.2 8.4 -36.765
3.6 3.2 -4.6669
-6.8 -2 -13.445
7.6 -4.8 -1.8793
-0.8 -5.6 15.108
9.2 -9.6 29.725
1.7764e-015 2.8 0.6508
-4 -0.4 -5.4678
-7.6 8 -0.92275
4 5.2 -7.0061
1.7764e-015 -3.6 9.4542
9.2 8 -36.781
9.6 -7.6 15.477
2 -1.2 8.4654
-6 5.6 -7.1337
4.4 8.8 -6.9111
-0.8 8 8.4145
-3.2 8.4 17.061
5.2 -8 32.021
-4.8 5.6 2.4299
2.8 4 -5.0485
-6.4 10 11.83
-8.4 3.6 -20.154
-4.8 -5.2 -5.4487
-6 4.4 -3.8815
2.4 -7.6 21.027
-7.2 -1.2 -23.61
9.6 1.6 -28.571
-0.8 1.6 0.4449
-3.2 -8.8 18.706
-4 -4.8 -4.8713
-1.2 -8.8 21.356
5.6 6 -16.197
3.6 7.6 -5.1218
-8 -1.2 -29.324
6.4 7.6 -14.708
6 6.8 -13.814
6.8 -7.6 21.45
2.4 1.2 -3.3154
4.8 -1.2 0.22898
4 -9.6 42.655
2.8 -7.6 28.24
-4 -2.4 -3.8214
10 -2.8 -16.516
-7.6 -0.8 -20.868
5.2 -0.8 -1.8157
-2 -4.4 5.7569
-7.2 -0.4 -17.738
-3.6 8.4 11.839
6 0.4 -9.2567
5.2 0.8 -12.322
-1.6 9.2 13.965
1.7764e-015 -2.4 -3.1964
1.2 2.4 -4.9405
-5.2 5.2 -0.98088
-9.6 5.6 -20.453
-7.2 0.4 -26.041
-1.6 4.8 -3.4322
-2 4.8 5.4112
4 -8.8 31.018
-9.2 -1.6 -44.785
-1.2 -4.4 5.9135
0.8 -9.6 31.216
-0.4 -8.8 31.022
-4 -2.8 -9.5702
2.4 2.4 -7.4989
-2.8 -3.6 3.9295
-2 -9.2 22.943
4 8.8 -3.9709
1.7764e-015 -4 7.6328
8.4 6.8 -32.115
1.7764e-015 5.2 0.37804
6 0.8 -10.972
-6 2 -10.725
2.4 -4 13.945
-8 -5.6 -22.685
-2 -6.8 16.132
0.8 -5.2 12.912
-6.4 1.2 -13.615
-9.2 0.8 -34.638
0.8 -3.2 5.8224
-3.6 -2.4 -6.2483
-4 -8.8 5.1536
3.2 8.8 6.1184
7.2 -9.6 37.013
-8.8 -4.4 -34.488
-0.8 2 2.2531
9.2 2.8 -31.478
1.2 2 2.9356
-5.6 -3.2 -10.136
0.4 -4.8 6.4502
-2 -1.2 0.0056612
0.4 5.6 -2.4529
4.4 -4.8 11.064
8.8 8 -33.57
2.8 -1.6 8.8449
2.4 6.8 -2.428
-0.8 5.2 -5.1831
-2.8 4.4 -4.1652
-0.4 2 0.65694
5.2 -1.2 -7.0319
0.4 8 12.351
-8.4 7.6 -9.4384
8.8 -3.6 -10.369
-4.4 5.6 -2.3161
5.2 9.2 -13.069
-5.6 1.7764e-015 -11.49
0.4 -1.2 6.2999
-8.4 -8 -25.464
-4.8 -4 -11.914
6.4 0.8 -14.668
-1.6 -2.8 1.9963
5.6 1.6 -13.148
-0.4 -1.6 5.6914
8.4 -2.4 -10.839
-2 -4 0.51813
-2.4 -1.6 -7.1449
-0.8 -6.8 16.523
1.6 6.8 4.1699
5.2 8 -10.296
-4 -0.8 1.2977
-8 8 -0.53948
-4 0.8 -10.266
4.4 -6.8 22.72
-5.2 4 -8.8007
-7.2 -6 -20.329
4.8 1.2 -2.6149
6.4 -3.2 0.11235
-2.8 -9.2 19.975
-4.4 3.6 -6.5077
7.6 6 -26.913
-6 -0.4 -11.87
4.8 -2.4 -2.2166
2 8.4 0.16218
-3.6 4.4 0.57185
3.6 10 0.49058
-4.8 8 6.292
8.8 -9.2 28.91
5.2 10 -6.4446
-5.2 9.2 11.535
-6 -3.2 -15.822
1.7764e-015 -7.6 23.139
-7.6 -2.4 -19.768
-7.2 8.4 3.4663
-6 -9.2 -3.5316
-7.2 -2 -21.057
3.6 1.2 -3.2921
4.8 8.4 -8.2716
1.6 -6 15.481
-9.6 4.8 -24.335
-7.2 6 0.15974
-5.6 -5.6 -15.085
8.8 2 -30.381
6 -2.4 -3.5676
-9.2 6.8 -16.107
2 -6.8 21.118
8 0.8 -23.938
-5.2 0.8 -12.506
-2 1.2 -4.5782
7.6 -0.4 -12.307
3.2 7.2 -1.2463
5.6 2 -14.656
3.6 -3.6 6.6776
-8 -0.8 -31.15
-2.4 2 -5.6381
-5.2 -3.6 -10.966
4.4 -5.6 17.637
-1.6 5.6 6.4046
-8.4 4 -23.46
9.6 -2.4 -18.55
1.7764e-015 0.4 5.4706
-5.2 8.4 9.434
-6.8 1.7764e-015 -17.89
5.2 4.4 -15.919
-0.4 -4 10.898
-6.8 4.8 -8.3698
3.2 5.2 0.2813
-2.8 -6.4 10.885
7.2 -2.8 -6.2076
-4.8 3.2 -9.4607
-8 2.4 -16.627
-4.8 -6.8 -6.6794
6.4 -8.8 25.445
-7.2 -6.8 -14.315
-4.4 -7.6 1.5456
-0.8 -1.2 -3.8262
9.6 6.4 -44.965
-8.8 -3.6 -36.406
4.4 10 -1.6652
8.4 8.4 -27.532
8 6.8 -26.796
9.2 1.7764e-015 -22.522
5.6 10 -6.2662
-4 -9.6 16.467
-9.2 7.6 -5.7599
9.6 -7.2 11.338
3.2 9.6 3.0312
-8 -6.8 -20.71
10 -8.8 13.912
4 6.8 -17.677
9.2 6 -34.07
-4.8 -9.6 14.677
0.4 4 5.5649
-9.2 1.6 -28.461
3.6 6.4 -4.5474
1.6 5.2 -0.10597
-2.4 2.8 -0.53803
-4 -7.6 9.363
-2.8 8.4 11.777
1.2 9.2 10.904
-8.4 8.4 2.1631
10 5.6 -43.951
-6.8 4.4 -14.62
3.6 2.4 -4.1692
-1.2 6 4.8919
5.2 1.7764e-015 -7.603
7.2 -8 16.856
2.8 9.2 0.57736
1.2 -4 3.7428
-4.8 7.2 12.669
9.2 6.4 -36.771
-6.8 2.4 -21.956
3.6 4.4 -2.2465
6 -4 7.1683
4.4 2 -9.7151
-4.4 6.8 4.1675
-6.8 3.2 -9.8061
-3.6 6.8 3.4378
-6.8 -9.2 -13.334
-7.6 -8 -21.908
-0.8 6.4 7.8598
-4.8 -4.8 -5.0161
1.2 8.4 8.8107
-0.4 4.4 5.2399
-6.8 -3.6 -20.591
-1.2 3.2 6.3032
-8 1.7764e-015 -21.121
-2.4 5.6 4.4177
4.4 2.8 -5.8597
0.8 0.4 4.7401
-8.4 -7.2 -32.09
4.4 -1.2 -3.061
8.4 -5.2 -0.9138
-7.6 -3.6 -29.429
8.4 5.6 -32.366
4.4 -2.8 9.3395
-7.6 1.7764e-015 -25.964
4 6 -3.315
6.4 3.2 -17.631
7.6 5.6 -24.162
-8 8.8 -3.25
10 -6.4 -2.2487
-1.6 -6.8 15.925
-6 -8.8 -6.0427
8.8 -6.4 8.5786
-8.8 8 -4.6802
-7.6 7.2 -1.7386
6.4 -9.2 31.466
-8.4 4.8 -12.399
10 8 -48.857
3.6 5.6 -6.4116
5.2 -6 23.827
-4.4 -3.2 -13.91
6.8 -1.6 -6.4821
6.4 -8.4 30.977
-4.8 -4.4 -7.5941
-1.2 2.8 -2.6848
1.6 -2.4 5.3375
6.4 -2.8 -2.3182
2.8 -8.8 35.742
3.6 -7.6 25.282
2.8 4.8 1.2556
1.7764e-015 -9.2 32.264
8.8 -7.2 11.551
1.6 -1.2 4.9526
-5.6 -9.6 6.8127
-6.4 0.8 -15.035
-8 8.4 -1.3907
-5.6 -6.4 -4.5065
1.2 3.6 -3.6208
4.8 -8.4 23.49
-7.2 -7.6 -18.106
-6.4 6 -4.5222
7.2 -8.4 30.572
2 -4 16.836
-2.4 -0.8 -1.0973
0.8 2.8 -2.3122
1.2 2.8 -3.3527
7.2 7.6 -23.643
9.2 6.8 -39.42
-0.4 5.6 4.2322
-2.4 -3.2 -3.6685
8 1.7764e-015 -17.898
3.2 -7.6 22.519
6.8 5.6 -18.133
1.7764e-015 1.6 2.438
2.8 9.6 8.2307
-6.8 -1.6 -18.076
4 1.7764e-015 -3.6956
-2.4 8.8 9.4338
-3.2 4.4 -3.034
9.6 -8 21.351
-4.8 6.8 -2.8331
2.4 4.8 -7.9359
-6 1.6 -17.018
-6 4.8 -13.476
8 -1.2 -16.181
7.6 -9.6 31.764
9.2 2 -33.789
3.6 -6.4 19.61
