10 -7.2 10.591
0.8 -8.4 24.527
8 -5.2 4.6607
-2 3.2 4.5839
4.8 3.6 -12.035
-8.4 -5.2 -32.308
5.2 -8.4 28.448
-0.4 3.6 -1.4287
-1.2 5.6 4.4351
5.2 -3.6 3.1393
3.6 -0.8 -7.4355
7.2 5.2 -26.323
-7.2 6.8 -4.1221
-2 -2.4 -0.095288
-2.8 0.4 -7.9419
3.2 -7.2 26.571
-0.4 0.4 -0.82686
6.4 2.8 -15.711
2.4 7.6 1.1621
-2 -5.2 5.1817
-8.8 -2.4 -29.021
-4.8 2.4 -9.1185
-7.6 1.6 -23.535
-4.4 -3.6 -8.2396
7.6 4 -22.89
-8 10 7.0913
1.7764e-015 4.8 7.4704
-3.2 -6 1.9376
-1.2 -3.6 4.2432
8.8 4.4 -28.291
6.8 -0.8 -7.5957
1.7764e-015 8.8 14.324
4 -8.4 29.781
-5.6 -4.8 -13.046
-7.2 4.4 -13.945
-3.6 -3.2 0.72727
-0.4 -1.2 -0.78906
-2 6 -0.35883
6.8 2.8 -15.982
1.7764e-015 8 6.63
-8.4 6 -11.94
-7.2 1.2 -16.67
-0.4 7.2 5.7947
-3.6 -2.8 -8.0196
-6.4 5.6 -7.5834
2 2 0.19446
6.4 6 -12.842
9.6 -4.8 -1.2881
4 3.6 -7.2232
-2.4 0.8 -2.8234
6 4.8 -19.351
-0.8 -5.2 7.9576
-3.6 2 -3.714
1.2 -8.4 27.616
1.6 1.2 0.11266
2.4 -1.6 4.8015
7.6 -8.8 30.237
4.4 0.4 -6.0301
5.6 7.6 -16.754
-5.6 2.4 -15.255
7.2 1.2 -14.997
0.4 -1.6 4.9055
8.8 10 -29.742
3.2 -4.8 11.696
-2 -7.2 16.828
-2.4 1.6 -3.8437
-1.6 -4 5.3367
1.7764e-015 2.4 -4.3082
1.6 2.8 -2.2109
7.2 2 -21.449
0.4 -9.2 27.273
-1.2 -1.6 2.6766
9.6 0.4 -30.065
5.2 -9.6 36.595
-8 -4 -28.095
-4.8 8.8 9.8343
-2 1.7764e-015 -0.54528
5.6 5.6 -16.143
-4 9.6 18.475
5.6 1.2 -10.923
-0.4 1.6 1.5986
3.2 2.4 -5.789
-1.6 -3.6 11.685
-3.6 -4.4 0.26502
1.6 -2.8 8.6986
6.8 -8.4 27.61
7.2 6 -20.419
0.8 -8.8 29.867
2.8 2.4 -0.576
2.4 -4.4 13.38
4 -2 8.5189
-5.2 -8.8 1.2118
-1.2 4 3.6908
-3.6 0.8 -8.8956
-9.2 -8 -34.39
6.4 -9.6 38.173
-5.6 0.8 -11.739
-1.6 -0.4 -5.159
10 5.2 -41.747
0.8 -2 6.6645
