10 -7.2 10.591
0.8 -8.4 24.527
8 -5.2 4.6607
-2 3.2 4.5839
4.8 3.6 -12.035
-8.4 -5.2 -32.308
5.2 -8.4 28.448
-0.4 3.6 -1.4287
-1.2 5.6 4.4351
5.2 -3.6 3.1393
3.6 -0.8 -7.4355
7.2 5.2 -26.323
-7.2 6.8 -4.1221
-2 -2.4 -0.095288
-2.8 0.4 -7.9419
3.2 -7.2 26.571
-0.4 0.4 -0.82686
6.4 2.8 -15.711
2.4 7.6 1.1621
-2 -5.2 5.1817
-8.8 -2.4 -29.021
-4.8 2.4 -9.1185
-7.6 1.6 -23.535
-4.4 -3.6 -8.2396
7.6 4 -22.89
-8 10 7.0913
1.7764e-015 4.8 7.4704
-3.2 -6 1.9376
-1.2 -3.6 4.2432
8.8 4.4 -28.291
6.8 -0.8 -7.5957
1.7764e-015 8.8 14.324
4 -8.4 29.781
-5.6 -4.8 -13.046
-7.2 4.4 -13.945
-3.6 -3.2 0.72727
-0.4 -1.2 -0.78906
-2 6 -0.35883
6.8 2.8 -15.982
1.7764e-015 8 6.63
-8.4 6 -11.94
-7.2 1.2 -16.67
-0.4 7.2 5.7947
-3.6 -2.8 -8.0196
-6.4 5.6 -7.5834
2 2 0.19446
6.4 6 -12.842
9.6 -4.8 -1.2881
4 3.6 -7.2232
-2.4 0.8 -2.8234
6 4.8 -19.351
-0.8 -5.2 7.9576
-3.6 2 -3.714
1.2 -8.4 27.616
1.6 1.2 0.11266
2.4 -1.6 4.8015
7.6 -8.8 30.237
4.4 0.4 -6.0301
5.6 7.6 -16.754
-5.6 2.4 -15.255
7.2 1.2 -14.997
0.4 -1.6 4.9055
8.8 10 -29.742
3.2 -4.8 11.696
-2 -7.2 16.828
-2.4 1.6 -3.8437
-1.6 -4 5.3367
1.7764e-015 2.4 -4.3082
1.6 2.8 -2.2109
7.2 2 -21.449
0.4 -9.2 27.273
-1.2 -1.6 2.6766
9.6 0.4 -30.065
5.2 -9.6 36.595
-8 -4 -28.095
-4.8 8.8 9.8343
-2 1.7764e-015 -0.54528
5.6 5.6 -16.143
-4 9.6 18.475
5.6 1.2 -10.923
-0.4 1.6 1.5986
3.2 2.4 -5.789
-1.6 -3.6 11.685
-3.6 -4.4 0.26502
1.6 -2.8 8.6986
6.8 -8.4 27.61
7.2 6 -20.419
0.8 -8.8 29.867
2.8 2.4 -0.576
2.4 -4.4 13.38
4 -2 8.5189
-5.2 -8.8 1.2118
-1.2 4 3.6908
-3.6 0.8 -8.8956
-9.2 -8 -34.39
6.4 -9.6 38.173
-5.6 0.8 -11.739
-1.6 -0.4 -5.159
10 5.2 -41.747
0.8 -2 6.6645
-4.8 2 -4.4887
-3.2 10 9.988
-2 -4.8 6.7562
6 -4.8 11.227
-8.4 1.6 -24.14
7.2 -4.4 0.43159
7.2 -5.2 11.344
-8.8 1.7764e-015 -34.498
-6 -5.2 -11.782
-3.6 4 -0.71442
-2.8 1.7764e-015 -0.72418
-3.6 -4.8 0.28404
7.2 -2 -5.6955
-2 -3.2 -0.047346
3.6 -2.8 7.8531
5.6 -0.4 -5.3905
4.8 -6.4 24.664
5.2 -0.4 -3.3573
4.4 1.2 -3.1047
-6.4 -0.8 -19.227
-4.4 10 18.876
-5.2 -8.4 4.7622
6.8 -5.6 15.436
-7.6 -6.4 -27.261
-5.2 -2 -16.853
2 1.7764e-015 1.2151
3.2 6.8 -4.961
1.2 1.6 -5.7357
-5.2 0.4 -12.46
1.7764e-015 9.6 18.997
6.8 3.2 -15.745
9.6 -6.8 9.9574
8.4 -1.2 -16.663
4.4 -5.2 9.8338
-0.8 -3.2 11.213
-2.8 -1.2 -4.731
9.6 -1.6 -24.782
-3.6 8.8 11.711
5.2 -8.8 30.527
4 -8 25.594
-4 4.8 -5.5808
8.4 8 -28.434
-4 2 -6.7924
-4.8 2.8 -8.5947
-7.2 -8.4 -13.405
-6.8 8.4 -3.6351
2.8 5.2 2.5547
-4.8 9.6 11.493
-7.6 2 -22.442
8.4 4.4 -31.108
0.4 10 13.92
2 1.2 0.84041
-3.2 -5.6 2.4796
1.6 2 0.80691
7.2 10 -22.352
-4.4 2 -6.9468
-1.2 -6 10.32
2 4.4 -3.1982
-4.4 9.6 14.481
-9.2 1.2 -36.217
-9.6 1.2 -32.689
-9.2 -2 -36.989
4.8 6.4 -9.8188
4.8 -0.4 -3.9858
10 6.8 -45.051
-7.6 7.6 -5.9631
4.4 -7.2 26.158
-8.8 6 -13.853
1.7764e-015 -8.4 18.246
-2 7.6 6.4573
1.7764e-015 10 9.4081
4 1.2 -4.9468
5.2 5.2 -10.201
-6.4 -3.2 -16.93
-8.4 2.4 -21.888
6.8 -8.8 30.922
3.2 -2.4 7.8476
-9.2 -9.6 -24.869
6 -5.2 7.0318
2 4 -1.6114
-5.6 -6.8 -6.9659
7.6 -4 -4.9036
8.8 -5.6 4.0593
9.6 2 -36.696
-8.8 -1.2 -28.371
-2.4 2.4 -9.6366
-3.6 -2 -5.4432
1.6 -9.6 35.74
-4 -4 -1.7046
-8.8 9.6 -1.4663
-2.8 -4.8 7.4179
2.8 6.8 -1.7201
2.8 6.4 -0.66277
-7.6 -3.2 -31.328
-6.4 8 8.1173
-7.2 10 11.526
-1.6 8.4 14.282
-2 2.8 6.2098
-8.8 2.8 -26.648
-4 3.2 -9.5133
-6.4 -7.6 -6.9993
8.4 -3.6 -4.4762
-6.4 3.6 -11.049
8.4 6 -33.258
-6.8 -6.4 -17.462
-6.4 -5.6 -11.23
4 -4.8 7.9798
-4.8 -3.6 -9.9431
7.2 -4 0.19833
5.2 6.4 -7.8799
0.4 -3.6 10.043
-9.6 -6 -37.629
-1.6 -2 1.546
8.4 4.8 -27.929
-4.4 1.2 -12.811
-0.8 2.4 2.5017
8.8 -4 -5.6934
5.6 3.6 -8.6972
4 6.4 -8.7274
8.4 1.6 -25.573
-8 -1.6 -32.282
-6.8 1.2 -17.113
-6.4 -1.6 -22.1
-3.6 -6.4 1.8889
3.6 -0.4 -0.34744
-6.8 -7.6 -12.772
0.4 -5.2 12.402
8 6 -22.457
-4.4 1.7764e-015 -4.0795
6 2.8 -11.77
-7.2 -2.4 -26.929
3.6 2 -2.0501
-5.6 -1.6 -5.3281
3.2 0.4 -4.1392
0.8 5.6 -3.0884
-1.2 4.4 6.6632
-5.6 -1.2 -10.62
-9.6 4 -26.043
3.6 1.7764e-015 -9.1159
-3.2 7.2 7.9227
5.6 4.4 -11.464
6.8 6.8 -20.748
-2.8 -0.4 2.9374
-7.2 -8.8 -10.816
9.6 5.2 -32.714
3.6 6 0.8116
-5.2 -1.2 -11.462
-0.4 -7.6 20.245
-8 3.2 -18.23
-5.6 -0.8 -18.612
-1.6 0.8 -2.9656
9.6 6 -44.23
-6.8 6.8 -6.122
10 -6.8 3.4802
-2.4 -5.2 8.9301
4 -6.4 24.576
-2.8 3.6 0.81914
-9.2 -1.2 -40.186
5.6 -2.8 0.619
-6 9.2 7.994
-9.2 -3.2 -43.502
-1.6 0.4 2.1299
6.8 -4.4 4.7577
-7.2 -9.2 -16.456
0.4 0.8 2.0005
0.4 -6.4 19.112
-4.4 -7.2 -3.0519
2 6 0.37638
6.4 2 -20.289
-0.4 -5.2 16.313
-8 9.2 6.6273
-1.2 2 1.4982
4.4 8 -4.8536
-4.4 -4.8 -9.17
3.6 -9.6 35.677
0.4 0.4 2.4062
3.2 1.7764e-015 -1.3282
-5.2 10 18.039
4.4 4.8 -9.5719
-4 8.4 13.807
-6 6 1.3719
-3.2 3.2 -2.4162
-3.6 1.2 -6.6955
7.6 6.4 -19.584
6 3.6 -17.024
1.2 -1.6 6.9341
-6.4 -8.4 -11.468
2.4 7.2 -4.2702
5.2 -2.4 -3.0059
7.6 -3.6 4.8215
9.6 -8.8 25.193
-9.6 10 1.9479
5.6 -6.8 16.667
8.4 2.8 -34.248
9.2 -4.4 -12.521
-2.4 -4 0.10959
2 -2 6.2366
8.8 -5.2 -0.1512
9.2 0.4 -28.598
-0.8 3.6 4.9064
1.2 8.8 6.5058
6.8 8 -15.242
4.4 6.4 -7.587
-1.6 -2.4 1.6765
-2.4 -9.6 22.58
0.4 -6.8 18.496
5.6 -6 12.185
-7.2 3.2 -13.051
-3.2 -4.4 -0.069427
6 8.4 -9.8793
7.2 1.7764e-015 -13.901
1.7764e-015 7.2 2.0876
1.2 3.2 -1.1551
-0.4 8 10.598
3.2 -5.6 14.011
2.4 4 -5.0756
-6.8 -2.8 -13.456
4.8 6 -10.517
4.8 -4.4 11.904
7.6 -2 -10.6
1.6 -4.8 14.356
3.6 -2 1.9709
-9.6 -3.2 -40.959
9.6 -2.8 -10.956
5.2 -4.8 4.3807
-1.2 7.2 6.8903
3.2 -4.4 15.292
5.6 -1.6 -5.2704
7.6 0.4 -19.359
6.8 4 -18.24
-5.6 5.2 -7.8102
-4.4 9.2 13.353
-9.2 -0.4 -34.862
-3.6 9.6 16.011
2.4 -7.2 18.781
-6 -8.4 -5.989
-4.8 -0.8 -7.7534
0.8 1.2 -2.1914
7.2 -0.4 -16.858
8 -6.4 6.7864
4.8 -1.6 2.4989
-4.4 -8 5.7483
-9.2 4.4 -16.517
-0.8 8.4 11.734
6.8 0.8 -10.671
-2.8 5.2 5.7266
-2.4 -2.4 4.5258
-6 -6.4 -12.849
-9.2 -8.8 -29.67
-2.8 -8.8 19.923
-1.2 1.6 2.5603
1.6 5.6 -0.43534
-4 -2 -4.561
-3.2 -7.2 8.2906
-1.2 6.4 7.4744
-6.8 2 -20.382
3.6 8.4 -4.2595
8.8 -4.8 1.8601
-8.8 -8.8 -33.764
-9.2 4 -26.281
-6 9.6 12.047
7.2 7.2 -22.455
3.2 -9.2 31.045
-0.8 -7.2 17.501
-8 -5.2 -29.089
-8.4 -4.4 -35.711
-2 -7.6 16.12
-2.4 4.4 3.0754
10 -5.2 -4.8062
2 -2.4 9.4309
8 -3.6 -6.4727
-9.2 -5.2 -38.742
2 6.4 -3.4186
-7.6 3.6 -13.244
-8.4 -2 -35.575
1.2 -0.8 -2.0182
9.2 2.4 -32.446
-3.6 1.7764e-015 -3.8081
-8.4 0.8 -34.618
8.8 3.2 -25.289
-2.8 -2.4 -4.6465
8.8 -6 9.1725
-9.6 -4.8 -34.757
2.8 -4.4 10.258
-6.8 -0.8 -24.163
6 4 -13.856
1.7764e-015 -2 1.2321
0.4 6 2.3697
-2.8 0.8 -8.1962
-0.8 6.8 5.6967
-5.6 -5.2 -7.6086
-2.4 3.6 -1.4691
-8.8 0.4 -27.032
-6.8 9.6 11.407
10 -1.6 -24.235
-9.6 9.6 0.21373
8.8 8.4 -36.758
-3.2 -6.4 7.515
-5.2 -8 -0.60841
3.2 -3.6 6.6912
-0.8 -9.6 24.072
10 -0.4 -29.677
-6.8 8.8 5.058
0.4 -8.8 31.452
-8.4 1.7764e-015 -33.39
-5.6 -4 -15.294
-4.8 6 -3.579
-3.6 3.6 -3.1351
-8.4 -4 -37.821
2 3.6 -3.9824
8.4 -5.6 5.4416
8.4 -2 -12.492
-5.2 -5.6 -13.842
3.6 -6.8 31.552
-3.6 1.6 -5.1793
0.4 3.6 2.0093
2.4 -0.8 0.67793
-6 -6.8 -13.156
0.4 1.7764e-015 -2.249
-8.4 6.4 -10.488
-9.2 7.2 -23.138
8.4 -4 -5.494
-4.4 8 12.112
-7.2 2 -23.69
6 -0.4 -5.5122
6 1.6 -14.333
1.6 -9.2 31.767
-2 4 0.35266
2.4 0.4 -3.4839
-1.6 -1.6 5.3246
1.2 -6.8 25.011
-9.2 1.7764e-015 -36.572
-3.6 -6.8 7.1456
-4 10 11.207
-2.4 8 10.25
3.6 -8.4 25.864
-6 7.2 3.5256
-4 -8.4 11.306
-4.4 2.8 -14.011
5.2 8.8 -7.4256
2.8 8.4 -1.7256
-8.8 -2.8 -34.849
3.6 -1.6 -3.1108
7.6 9.6 -25.591
-9.6 -2.4 -39.462
-5.2 4.4 -0.89013
10 6 -38.812
-2 -6 8.6301
-7.6 10 3.4479
8.8 8.8 -34.495
2 3.2 -3.8973
-8.4 -3.6 -29.773
-2.4 -1.2 -0.93028
-7.6 8.4 -2.8988
-1.6 -8.8 24.111
-4 1.6 -2.9328
9.6 3.2 -38.464
8.8 -0.4 -14.365
3.2 -6.8 23.366
6 8.8 -10.865
3.6 -4 6.3528
9.6 -1.2 -19.734
1.2 6 1.2534
-9.6 -2 -41.977
2 -1.6 2.5477
-7.2 -0.8 -22.156
4 1.6 -3.4738
-2.8 -1.6 -5.4654
6 -3.2 -1.2151
-7.6 6 -9.5874
7.2 -9.2 31.37
9.6 -8.4 15.089
-3.6 5.2 1.3034
-8.4 -8.8 -21.433
-5.6 2 -12.718
7.2 -6 10.608
-7.2 -9.6 -7.2868
3.6 -5.6 22.538
-8.8 2.4 -30.544
6.4 10 -19.527
-4.4 -6 1.6848
-2.4 -7.2 13.941
-4 5.6 -5.0474
8 -0.8 -18.233
-9.6 -3.6 -43.243
8 2 -21.158
1.2 7.6 2.6442
-6.4 -9.2 -2.3144
7.2 0.8 -19.692
-7.2 2.8 -13.268
8 5.6 -24.949
-2.4 4.8 4.7837
-7.2 -7.2 -18.983
-8.8 2 -31.419
-6 0.8 -18.325
-2 0.4 -0.56397
-8.4 -6 -27.882
-4.8 4.4 -10.421
-6 3.6 -5.8969
-6 -5.6 -6.7683
8 -7.2 18.242
-5.6 -2.4 -15.514
-2 8.8 13.089
9.2 1.6 -26.234
-9.6 2.8 -29.743
-7.2 3.6 -15.511
9.2 -9.2 28.822
-3.2 4 2.3029
10 -2.4 -21.5
9.2 -1.2 -22.845
-8.4 -4.8 -27.388
6.4 6.8 -14.608
-8 -6.4 -28.259
8 9.2 -30.875
-0.8 -7.6 17.673
0.8 3.6 5.917
1.2 10 11.341
1.6 1.6 3.6337
-8 -8.4 -14.448
8 7.2 -31.352
6.8 -5.2 6.7938
6 -8.8 35.429
-5.2 1.7764e-015 -13.144
6.8 6 -18.895
7.2 2.8 -20.512
-9.6 6.4 -18.228
3.6 9.6 1.0019
-2 -5.6 6.2093
-9.2 6.4 -13.925
1.6 4.8 1.5944
7.6 4.8 -22.121
9.2 4.8 -33.372
-9.2 -6.4 -32.219
8 -8.4 22.791
-1.2 -9.2 21.201
1.7764e-015 2 -4.8782
6.4 4.8 -17.81
9.6 8.4 -37.847
-1.6 -8 21.084
0.8 6.8 9.7697
-3.2 7.6 9.732
6.8 -9.2 35.962
-2.8 2.8 0.59698
-5.2 -6.8 -4.4578
8.4 -2.8 -9.8748
-1.6 -4.4 5.2694
-2 3.6 2.4661
2 -4.4 11.123
-5.2 -7.6 6.5518
-2.4 -4.8 4.038
-4 4.4 0.29472
-6 6.4 3.2103
-9.6 -9.6 -30.661
-4 -6.4 0.49026
1.6 -1.6 -0.45561
1.6 4.4 -0.61711
7.6 -6.8 9.2237
3.6 -6 17.051
5.2 2.8 -7.4206
2.4 5.2 -0.67365
-4 5.2 -0.66465
6 6 -14.613
-6 -1.2 -13.259
-2.4 -6.4 9.3741
-2 0.8 -1.1647
0.4 2.8 1.2343
-7.6 -4.4 -24.109
-4.8 0.8 -7.5299
8 -2.8 2.3396
-9.6 3.2 -29.681
6.4 8.8 -20.478
-9.6 6 -21.553
1.2 -9.6 34.174
-8.8 1.6 -37.083
3.6 -8.8 34.54
10 4.8 -43.82
2 -5.6 12.428
-7.2 8.8 9.7234
10 9.6 -39.351
7.2 3.6 -18.411
6.4 -7.2 22.328
3.2 -0.8 1.08
1.2 -3.6 6.8455
7.2 -7.2 18.96
3.2 6.4 -0.87232
4.4 -2.4 1.2482
-4.8 8.4 9.3443
1.7764e-015 6.4 1.9442
-8.8 7.2 -9.9161
2.8 10 11.475
-6 7.6 -2.1743
-8.4 6.8 -12.703
-4 -1.6 -5.8438
-0.4 -8.4 24.609
-4.4 -6.8 -2.1507
4.8 -3.6 3.9604
3.6 0.4 -2.3569
-3.2 8 11.727
3.2 0.8 -0.37313
9.6 -3.6 -11.541
-9.6 -8 -38.728
1.7764e-015 -8 21.928
2 0.8 -0.72141
-8.8 -1.6 -26.975
3.2 -9.6 33.604
10 2.8 -35.911
-0.8 0.4 -1.7711
-2.4 9.2 15.577
7.6 10 -15.526
-9.6 -6.8 -31.456
0.4 -2 7.367
7.6 5.2 -29.894
6.8 -9.6 28.399
-4.4 -2.8 -9.5277
9.6 -9.2 25.514
5.2 -6.8 21.521
-5.6 -3.6 -13.848
-1.6 -3.2 3.2095
1.2 -9.2 31.263
-5.2 2.8 -13.239
8.8 6.8 -35.073
-3.2 4.8 4.1904
-5.2 -4 -14.829
10 -2 -16.473
-2 5.2 0.27289
0.4 9.2 13.773
-9.2 8.4 -4.4994
-1.6 -6.4 14.174
-8 4 -17.047
-6.8 2.8 -15.959
-5.6 9.2 13.684
-8.8 -4.8 -29.785
-2.8 -8.4 14.524
-8.4 -9.6 -24.526
4.4 5.2 -9.8893
7.6 -2.4 -10.164
7.2 -6.4 11.911
-0.4 5.2 5.6793
7.6 2 -18.343
1.6 -8.4 26.091
-5.2 8 3.4746
4.4 4 -8.601
1.7764e-015 -0.8 0.18186
-4.4 -0.4 -11.202
-5.2 1.2 -9.5407
1.7764e-015 -6 10.633
-6.4 -4.4 -19.927
6.8 -3.2 -2.3365
2.4 10 8.5246
5.2 0.4 -7.2784
6.8 5.2 -25.044
-1.2 -1.2 6.1632
9.2 -8.8 22.28
2.4 -6.4 21.088
2.8 4.4 -2.296
8.8 2.8 -21.878
1.7764e-015 -1.2 -5.1618
3.2 -8.8 28.747
-4.4 -8.4 7.2922
0.8 -6 13.878
-8 -3.2 -32.121
-7.2 -4 -26.791
-0.8 10 15.313
-6 -1.6 -16.897
-8.4 1.2 -27.5
8.8 5.6 -33.682
8 -6.8 18.157
0.8 1.6 -4.6947
-9.2 5.2 -19.498
-0.8 -0.8 -1.7548
-6 -7.2 -12.482
0.8 -9.2 29.184
10 -8.4 20.041
8 -2.4 -7.2455
-4 -5.2 1.4236
3.2 -4 12.774
-7.6 -5.6 -24.16
-0.8 8.8 15.542
4.4 -9.2 32.649
6.4 -6.4 15.465
9.2 -6.8 14.821
-7.2 -8 -17.343
-3.6 9.2 16.135
-6.8 6.4 -4.6417
5.2 1.2 -4.1801
6 7.6 -21.932
-5.2 6.4 6.4665
-1.2 -0.8 -1.918
-9.6 0.8 -35.461
7.6 2.4 -17.885
-0.4 -0.4 -2.8826
8.8 -8 18.916
-0.8 9.6 17.657
5.2 8.4 -8.5031
-2.8 -5.2 4.0544
8.4 -9.6 30.425
8.4 3.6 -31.84
4 2.8 -4.9714
0.4 2 -1.8281
-4.4 8.4 13.483
-3.2 6.8 11.52
0.8 8 11.414
2 -4.8 12.276
-5.6 -8.4 -4.6468
-2 6.4 2.7123
-5.6 8.4 12.242
8.4 10 -24.698
10 -4.8 0.70437
4.8 -5.2 11.765
-0.8 -1.6 5.9658
5.2 -4.4 10.084
-6 0.4 -17.536
2.8 -6.8 15.389
3.6 0.8 -0.57829
1.7764e-015 0.8 2.7556
-6.8 0.8 -21.032
9.2 4 -33.619
0.4 -9.6 31.905
-9.6 -4 -41.674
7.6 1.7764e-015 -10.781
-9.6 -1.6 -43.006
-5.2 5.6 -1.0799
1.2 -2.4 6.2293
4.4 -0.4 -0.69851
-6 -2.4 -10.758
1.6 3.2 4.659
-0.4 -3.6 4.9737
2 -3.6 4.255
1.6 -0.8 9.4521
-6 3.2 -10.579
-2.4 1.2 -3.8099
10 1.2 -35.708
-6 -4.8 -11.475
1.6 7.2 4.362
7.6 -4.4 6.05
-0.4 6.4 5.8774
-2.8 2.4 0.95282
5.6 2.4 -3.2319
1.2 -8.8 31.882
6.8 -4 3.8172
4.8 9.6 -7.0886
4.8 -7.2 27.837
-1.2 -9.6 26.163
10 6.4 -41.216
6.4 4 -18.768
-4 -5.6 0.016408
-4.4 7.6 6.4508
0.4 -7.6 23.686
-8 4.4 -14.43
3.6 -1.2 -2.8047
-2.4 -8.8 18.356
6.8 8.4 -13.794
5.6 -3.6 3.952
-9.2 -7.2 -35.915
2 2.4 -3.6668
8 5.2 -26.021
-2 7.2 4.8367
6 2 -12.07
8.4 -8.4 20.704
-5.6 1.2 -11.456
-6.8 -8.4 -7.0124
-8.4 -1.6 -30.295
-6.4 0.4 -21.759
-8.8 -0.4 -34.405
-1.6 -1.2 2.9773
-4 1.7764e-015 -5.9702
-4 8 11.029
7.6 -2.8 -6.4541
6 -6.4 12.679
0.8 6 2.8024
-8.4 -2.8 -30.368
1.2 -7.6 28.055
-8.8 -5.6 -38.182
-3.2 -7.6 10.394
6.4 -5.6 13.568
-0.8 1.2 -6.0204
-8.8 4.8 -24.216
3.2 -2.8 8.2948
4.4 7.2 -3.9074
-5.6 7.6 2.7578
1.6 7.6 7.5436
-9.6 7.6 -14.164
-1.2 1.7764e-015 0.162
8.8 0.8 -26.8
-2.4 6.8 7.5468
0.8 4.8 3.0706
-1.6 3.6 8.1859
1.7764e-015 -7.2 22.511
0.4 -3.2 9.7525
-2.4 7.2 9.2838
-8.8 -7.2 -32.31
-7.2 7.2 -1.4357
9.2 10 -34.901
4 9.2 -0.18862
-9.2 9.6 2.7609
1.6 -3.6 3.1489
-5.6 4.8 -5.7181
4 2 0.072385
-1.6 -4.8 -0.18179
-9.6 1.7764e-015 -42.243
8.4 -6.4 9.6099
4.8 -9.2 30.904
-7.2 -1.6 -25.269
4.4 -8 30.225
1.6 3.6 -5.0383
4 2.4 -5.9646
-8.4 -0.4 -25.532
-3.2 3.6 -6.9547
-7.6 6.8 -6.7244
-1.6 7.2 3.7584
1.2 1.7764e-015 2.1777
5.6 3.2 -16.682
4 0.4 -7.238
-0.8 -3.6 8.422
-4.8 -7.2 -5.269
-0.4 -3.2 5.5142
-8 -2 -26.296
2.4 -6.8 25.027
5.6 9.6 -14.72
10 7.6 -45.807
5.6 -7.2 19.511
-6.8 -2.4 -23.784
3.2 4.8 -9.1832
1.6 -4.4 6.7998
0.4 8.4 9.8942
2.8 -0.4 0.061041
-7.6 -0.4 -23.986
10 -7.6 15.835
0.8 2.4 2.9479
6.8 4.4 -19.166
3.6 3.6 -7.969
-6.8 7.2 0.6238
2.4 -4.8 13.84
5.6 -5.2 11.241
-8 0.4 -31.268
7.2 9.2 -18.249
-8.4 2.8 -23.007
4.4 3.6 -3.4273
-2.8 8.8 15.715
-6.4 -6 -12.297
-5.6 -7.6 -7.023
4.8 -0.8 -3.7163
-8.4 9.2 3.4048
-6 -7.6 -10.684
4 5.6 -6.8277
-6.4 9.6 5.8647
7.2 -8.8 34.029
4.8 10 -0.53107
9.2 -0.4 -21.049
6 -6 9.1251
-0.8 4 0.87932
1.6 -7.2 22.651
-8 7.6 -3.8569
-8.4 3.2 -24.199
1.7764e-015 -4.8 8.2951
-2 2 -4.1581
-7.6 -2.8 -24.621
2 -0.8 -2.6884
-6.4 -6.8 -13.37
-5.2 1.6 -17.748
-8 -6 -20.486
4 9.6 3.2816
7.6 3.6 -28.873
-0.4 2.8 3.5682
2.8 -5.2 11.75
-6 1.2 -11.584
-7.2 1.7764e-015 -17.24
-0.8 -4 5.3956
9.6 -4.4 -5.2594
8 -2 -13.564
-0.8 1.7764e-015 -1.1182
5.2 6.8 -14.483
7.6 8.8 -20.637
6.4 -6.8 18.184
-2.8 1.2 -1.2736
-4.4 3.2 -6.2397
-6.8 -7.2 -7.3712
4 0.8 -0.11691
5.6 -1.2 -2.1945
-3.6 7.6 6.836
5.6 0.8 -14.529
0.4 -2.8 1.1355
-6.8 8 0.84253
-4.4 -2 -12.792
4.4 -6 14.687
-4.8 -1.2 -14.957
-9.6 2.4 -34.982
2.4 -3.6 9.3342
8 8 -30.025
3.2 4.4 -1.7515
-8.8 10 -2.9459
2.4 8.8 10.715
-9.6 -7.6 -31.767
-5.2 -6 -7.4018
-1.2 -6.8 9.341
8.4 -3.2 -6.2207
-2.4 -0.4 -4.1746
-8 -2.4 -30.165
10 -9.6 28.456
7.6 7.6 -30.349
-6.4 9.2 10.311
-4.8 10 13.944
3.2 10 5.3026
2.4 2 -1.9034
-4.8 1.2 -12.105
8.4 1.2 -24.91
0.8 -2.8 5.5267
-8.8 1.2 -32.831
8.8 -4.4 -3.7911
8 8.8 -25.429
0.4 7.6 5.6789
4.8 -6 20.297
3.2 1.2 -0.71607
-0.4 -6 14.831
7.2 6.8 -30.075
2.8 -4 9.3148
7.2 -3.2 -1.0319
-8.8 8.4 -2.7669
5.6 -7.6 26.178
-6.8 -4 -21.397
6.8 7.2 -20.675
7.6 -0.8 -8.7009
-1.6 2.8 -0.29816
2.4 -9.6 36.08
-9.6 6.8 -12.194
6.8 -6.4 11.843
-4 3.6 -6.8024
-8 -3.6 -33.888
6 5.2 -16.244
4.8 -8.8 35.388
7.6 -7.6 27.31
6.8 1.2 -17.526
4.4 -4.4 8.7466
4.4 -8.8 39.825
8.8 7.2 -38.346
-8.8 0.8 -29.228
-2 9.2 10.846
1.2 -3.2 9.13
7.6 7.2 -29.352
2.8 -4.8 8.5731
9.2 5.6 -42.421
8.8 4 -32.595
0.4 1.2 3.3879
-8.4 -5.6 -27.379
-9.2 3.6 -25.784
-9.6 2 -28.547
-0.4 -5.6 18.06
-2.4 1.7764e-015 3.9167
7.2 1.6 -17.529
4 -4 6.7998
-8.8 -8.4 -29.03
8 -8.8 23.601
7.6 -1.6 -9.8257
-9.2 -4.8 -43.426
6.8 -1.2 -13.763
7.2 6.4 -20.702
3.2 -2 1.7741
-3.6 -9.6 18.152
6.4 -4.4 3.3658
-1.6 -5.6 4.7303
-6.8 -4.4 -23.682
-3.6 -9.2 11.822
1.7764e-015 1.2 2.0172
2 -8 20.608
-5.2 -3.2 -12.831
4.4 -0.8 -2.1653
-5.2 -0.8 -16.006
-0.4 -2.4 4.6148
-9.2 6 -17.701
-5.6 10 16.85
-8 5.6 -12.628
-8 5.2 -10.279
0.8 4.4 5.3888
6 -0.8 -7.2492
-1.2 5.2 6.1664
-2 -8 8.8585
2 -7.6 19.869
-6.4 1.6 -17.906
-1.6 -7.2 10.672
-8.4 -0.8 -32.896
10 7.2 -49.975
1.2 0.8 -0.63341
-1.2 3.6 1.4497
-5.2 -2.8 -11.44
9.2 0.8 -25.638
-4.8 -0.4 -7.4502
-7.6 -8.4 -19.666
-5.6 6 -2.4517
-1.6 -9.6 19.624
-6.4 4 -8.1883
-8.8 9.2 7.2988
-2 -2.8 1.6516
-4 0.4 -3.3897
-2.4 8.4 14.452
-2.4 -5.6 7.2139
5.2 1.6 -5.534
-2.4 -4.4 1.459
-1.2 8.8 15.775
7.6 -6 9.4965
2.4 8.4 3.0904
