7.0251 8.7707
5.8017 4.2204
8.4983 7.8082
5.6271 8.1804
8.0588 1.8387
7.8706 6.2841
8.076 11.117
7.6085 4.863
7.5229 3.7939
7.6026 1.7692
9.0378 10.207
8.4673 6.1539
7.903 7.6352
6.816 3.4734
7.5928 9.5681
6.3908 6.2088
7.9265 5.5397
7.4026 6.5882
5.1106 1.2693
7.5646 9.456
7.1916 9.2118
6.7503 4.4566
7.1281 9.0364
5.5144 2.5249
7.7308 5.4127
9.0854 9.7516
8.4214 5.3801
7.5827 11.101
5.7236 3.9279
7.5358 2.3489
7.5228 6.5616
7.7188 7.6222
7.3469 9.649
8.1498 7.0914
7.3417 9.8402
5.6785 4.9455
6.3791 7.1741
8.5085 6.4489
6.4629 1.0351
5.8924 2.2409
7.7932 5.7027
7.8692 5.7921
6.5833 5.8251
7.5619 8.6761
8.1104 8.4092
7.932 5.1487
7.9058 7.9866
7.2825 -0.21975
9.221 8.5808
8.1416 10.086
6.8411 3.0644
8.5733 9.5567
7.614 7.5919
6.6523 9.0086
8.5092 6.946
5.2437 4.312
5.9298 5.1679
6.5102 7.2131
8.0605 5.2314
7.3374 8.0399
8.4122 7.707
5.7063 6.2117
6.8112 7.2324
8.8422 10.374
8.5783 8.3542
7.8095 4.5513
7.9838 7.9155
8.24 6.2234
7.6183 8.8798
9.2267 6.1963
5.9605 3.1443
7.6366 6.4721
9.0165 6.7032
5.9246 3.9548
5.1919 2.3218
6.5517 4.9699
8.552 10.286
7.7137 7.3553
7.6291 7.1308
7.4315 8.7495
6.5844 2.4
7.4037 5.1358
8.9064 12.405
9.1593 11.366
8.3965 9.1391
7.9614 3.914
8.5042 11.203
7.9415 8.1182
8.459 9.0109
9.1302 5.9471
8.0761 9.1385
6.6501 2.5027
8.0439 6.8081
8.7573 7.8971
8.1657 8.9806
8.5429 5.8375
8.8305 7.2946
7.6729 7.249
8.602 10.205
8.115 7.3551
9.5491 11.247
8.1937 1.2994
7.3137 11.21
8.4308 7.6002
6.7782 6.3254
7.7423 7.7079
7.2358 10.256
6.8106 9.2303
7.1912 1.1272
7.0904 4.7545
6.7663 6.6996
8.1752 6.1679
8.3324 8.0298
8.7305 4.1373
5.8083 6.9859
6.4988 5.6536
9.2004 9.7539
8.3742 8.5119
6.9974 7.1037
7.1864 5.8494
7.3455 4.7619
8.8743 4.918
6.4919 4.0731
5.4257 2.6497
9.1196 6.6618
6.2432 5.1945
7.8988 9.982
6.9309 3.2082
7.7293 7.8584
8.9801 9.6034
6.0254 4.4165
7.2132 7.178
8.8134 8.7229
7.3437 7.8083
8.0197 5.7601
8.0824 1.7654
8.1613 7.8849
6.5271 4.8736
8.1949 3.7323
6.5657 6.0733
7.192 5.2989
6.4664 5.4552
7.5244 7.8829
7.9029 5.6505
8.417 5.2318
7.8911 6.7755
8.3297 4.308
8.3562 9.1793
8.1259 6.6967
6.245 7.7002
6.8388 4.1712
7.9737 7.1532
7.4203 5.9214
9.915 8.1834
8.4705 4.0523
8.2163 11.549
7.7835 10.92
3.8653 2.0928
9.6141 7.6876
6.4984 4.6325
6.5461 6.9032
8.7257 7.1144
7.1793 5.6364
7.1368 2.9812
7.8058 4.4483
5.5628 4.9531
7.2814 9.2488
6.9906 5.323
8.9413 9.7624
6.4572 7.1981
7.9634 5.2661
7.6447 7.9552
6.3687 3.5861
8.4459 7.9331
8.489 11.12
6.9621 7.5119
7.5217 4.7767
8.4304 6.7952
7.3818 7.4495
7.3769 9.3134
7.2288 2.8249
7.6537 6.7612
5.3938 4.8368
8.0641 9.1292
9.2381 6.6054
9.378 7.5014
8.3222 4.1746
5.9528 4.0938
8.7687 6.8801
6.8269 5.6019
7.2333 9.0842
8.2814 7.1731
6.203 7.8497
8.339 8.9521
7.4311 9.5647
10.198 8.6795
8.3577 5.5879
7.0764 5.3406
8.7403 8.144
8.4317 10.112
6.3859 5.9711
6.6251 10.035
6.6808 2.2602
6.0344 3.7301
9.216 8.7594
6.7045 9.0326
7.0878 6.0813
7.0481 4.8287
7.3249 4.299
8.3062 8.6848
9.4549 10.601
7.7709 5.9122
7.3743 9.8329
7.4837 5.9212
8.2697 7.4568
8.1455 5.5946
6.4716 5.0879
8.1352 8.2864
7.3244 2.5841
8.7983 5.8509
6.0147 8.0493
7.7953 9.961
7.3237 5.5253
7.0587 7.1422
8.2559 7.2045
7.5573 3.5819
6.9167 8.6393
7.2988 7.6185
5.0377 6.3385
5.8984 2.5805
9.1243 5.7145
7.4374 2.723
8.3775 9.7561
7.6789 8.5964
8.468 7.7381
6.5846 6.345
8.1511 3.5036
8.9737 7.2256
9.1072 8.9986
7.0163 4.6894
7.1283 5.9257
8.0494 6.2756
8.3599 12.517
9.2748 6.6577
6.6039 7.3658
7.241 4.9289
5.97 5.5567
4.7586 4.2729
7.965 5.7694
6.6819 6.8802
