7.7548 -4.6312
6.8935 -5.0332
10.147 -8.6749
8.4457 -4.1854
9.3293 -4.3719
11.354 -7.7679
8.8726 -5.0555
10.766 -9.0014
7.4299 -2.5992
11.721 -7.8601
10.728 -6.9631
10.434 -5.2746
9.5081 -3.9515
11.511 -11.198
7.7133 -3.3699
6.486 1.0186
10.137 -5.9117
9.4006 -8.1987
12.004 -7.3061
10.51 -10.219
7.6524 -4.0656
6.9556 -5.431
9.4612 -4.0069
9.8401 -6.6391
6.9491 -2.4076
9.5972 -5.9766
11.11 -7.344
10.313 -8.5763
8.2123 -1.7686
8.0759 -7.2483
10.443 -5.8616
8.4504 -3.3575
9.9784 -5.9838
10.297 -7.6818
10.662 -4.7497
9.5503 -8.6243
9.172 -5.4127
9.7563 -9.5356
6.7795 -4.3108
6.6562 -1.5266
11.064 -9.6669
10.126 -6.6444
8.7101 -3.6925
8.7953 -3.9863
10.079 -8.1666
11.068 -9.1124
10.193 -7.637
7.9094 -6.1864
8.6314 -6.6553
9.4255 -6.2523
9.8178 -9.4524
9.2495 -7.5125
9.2245 -8.298
7.071 -6.1317
9.0827 -5.9174
10.81 -9.5515
9.8047 -6.5895
8.168 -4.0494
8.1751 -3.842
8.7234 -3.5393
10.42 -6.769
8.5581 -10.58
9.4864 -5.3255
9.4532 -7.2651
11.1 -6.7385
9.9921 -5.8357
8.1331 -5.4338
6.9297 -4.7544
7.8631 -5.2826
10.417 -9.3834
7.5865 -5.8659
10.626 -8.249
11.051 -6.3037
11.728 -6.5486
12.046 -10.815
7.7991 -4.1681
11.576 -11.293
8.7888 -3.5124
10.098 -6.52
9.2794 -4.7927
10.152 -7.6044
9.3256 -5.4441
10.896 -8.4003
8.5122 -5.6866
10.207 -5.8202
9.5175 -7.8707
8.8329 -4.7118
9.1095 -6.1306
10.806 -5.7886
9.8473 -3.7046
6.4792 -7.1819
8.233 -6.594
8.3742 -4.5461
5.8578 -1.2052
9.8005 -7.9641
6.4673 -5.9479
8.2356 -6.8355
11.243 -7.7396
9.1505 -6.0677
8.864 -7.8494
10.937 -4.4011
10.264 -7.0085
9.2182 -2.732
10.691 -10.491
7.7066 -5.7113
7.9666 -4.0831
10.495 -5.4355
9.1548 -3.9231
11.701 -10.42
9.8937 -5.6851
7.2152 -2.4201
9.7454 -5.9385
9.3064 -5.5993
6.4931 -3.2872
8.771 -4.7637
4.2595 -2.0332
8.705 -7.2914
8.5701 -6.0043
7.3152 -2.8346
7.0695 -4.611
9.3542 -7.1804
7.9811 -2.436
9.6431 -6.2192
11.073 -8.4924
10.138 -8.7769
8.8276 -8.6935
11.237 -11.054
8.878 -5.7398
10.454 -6.5378
10.985 -4.9782
10.002 -6.5629
10.637 -7.4673
11.887 -10.042
5.8221 -3.4705
8.9873 -3.5755
10.284 -8.0514
7.0048 -3.6784
10.607 -5.7393
6.7969 -6.3782
8.5098 -5.8096
9.0651 -5.0169
8.8761 -4.432
8.5388 -7.306
9.1734 -6.2934
9.7668 -7.0729
7.9504 -3.89
7.7457 -4.9576
7.588 -3.2595
10.174 -8.3861
7.2404 -1.8197
7.6556 -5.7985
8.1201 -5.3265
8.0757 -4.6893
8.4533 -4.6398
8.7907 -0.76819
6.9982 -3.4803
9.1935 -3.8958
8.7228 -7.2927
11.166 -7.9815
9.0981 -7.4381
8.1797 -5.6879
8.9651 -6.3994
9.6022 -5.0466
9.2023 -6.112
8.9553 -4.7666
6.3718 -5.0025
9.3898 -9.3598
9.9807 -6.9832
6.6403 -3.5238
8.8801 -3.1915
8.8448 -6.4624
9.6024 -5.6738
7.7325 -7.2316
11.592 -6.8418
9.1323 -4.4998
10.449 -8.0268
7.9207 -2.5318
10.071 -8.3928
9.3069 -2.497
10.082 -8.59
7.2744 -6.9689
8.2175 -2.3703
9.5762 -7.5863
10.429 -7.9304
6.5164 -6.3041
5.8265 -5.1335
10.709 -5.318
8.8305 -4.5263
8.6021 -6.6243
10.276 -5.1646
9.6513 -5.9094
9.8426 -6.8557
7.3559 -2.5488
11.724 -9.334
7.8151 -4.6737
9.1181 -5.0628
8.6802 -8.5715
6.0302 -1.1543
8.8094 -1.4164
10.243 -3.2267
9.2388 -5.7862
10.081 -5.9791
10.241 -6.8189
10.965 -6.9157
10.044 -6.6326
7.5117 -4.5413
11.247 -6.9662
9.4049 -5.0846
11.193 -9.6734
10.539 -8.7644
10.715 -8.0631
10.966 -6.6861
7.5116 -5.1419
11.495 -7.6922
8.6735 -3.3609
7.9906 -4.693
7.0269 -3.6497
9.9102 -8.3953
11.787 -10.294
8.7514 -6.3754
7.7988 -4.4534
8.2045 -7.0141
7.7251 -3.4281
9.6833 -8.0656
9.6442 -7.5895
8.9911 -6.2769
8.2799 -5.1687
9.6198 -6.4582
7.6804 -5.9577
6.969 -4.707
11.274 -10.06
8.5642 -8.2009
7.8823 -6.4828
7.5792 -4.0032
9.0148 -9.735
13.72 -11.855
8.4508 -7.9007
8.0482 -2.5222
10.713 -9.9239
8.5844 -5.8596
8.0698 -4.3865
7.9888 -5.0016
10.118 -7.1192
9.7834 -5.1641
9.4079 -5.7981
8.652 -7.8195
6.8626 -5.7276
10.632 -7.9553
6.6542 -1.0074
7.8187 -7.2861
