-0.058801 -0.2241
1.371 0.096476
-4.2465 0.97522
-2.7114 1.1012
-0.35461 -0.48797
1.8908 0.5261
-4.9133 -0.49921
2.0062 -1.711
1.9553 0.84727
2.5183 1.5463
-2.3672 0.96325
-0.31783 -0.18546
2.3341 1.1784
-0.24056 2.6587
-0.14076 0.94058
-3.8501 0.46743
-4.4424 1.8438
1.2703 -0.53752
0.76425 -1.4104
-4.479 1.1006
2.064 -1.5824
1.5276 -0.29874
-2.8924 0.73521
-4.5394 1.3605
-2.6406 0.33283
2.1843 1.5086
-1.4411 -0.67202
1.187 0.25146
3.3465 0.25513
-1.3185 -0.70566
-4.7449 1.1392
-2.1273 0.73512
0.98477 0.32496
-4.6857 1.0078
-0.070314 0.90735
0.21637 -0.10073
2.1961 -0.83601
1.1015 0.48049
1.1079 1.8122
0.57866 0.77884
5.3643 -1.2918
2.9983 -0.0006218
-0.9266 1.0162
-0.29003 1.1445
-1.0084 2.1135
0.82302 1.0536
-0.12437 -2.7216
-1.3154 0.58377
3.9265 -1.9085
-2.3949 0.78186
-1.9691 -0.11883
2.7547 -0.29194
-3.6823 1.4057
-0.27184 1.6126
1.1702 -0.79311
0.37087 0.55197
2.576 -0.15233
-0.035223 -0.98673
-0.54129 -1.3155
1.6068 -0.3172
-1.8855 1.3003
-1.8104 -0.33435
-4.1975 -0.3779
1.4479 -1.7854
3.5191 -0.6256
-5.3922 -1.2027
-0.55397 -1.2193
-4.1383 1.2048
-0.48788 -1.4144
1.0907 0.35654
1.7633 1.3723
3.2575 -0.2483
-1.0768 -0.36386
2.6914 0.78831
-3.7242 2.5531
0.38669 -0.8789
-3.2151 1.6111
-3.9215 1.1349
0.65499 0.36239
-2.0173 2.0648
-2.1232 -0.94861
-2.653 1.3353
2.3307 1.4045
-1.8995 -0.4914
-0.90209 -0.10827
-2.7845 0.65163
-1.6849 1.0977
-0.86509 -0.28285
1.5576 1.9036
2.701 -0.28377
-1.7677 -0.32649
1.7784 0.0099558
0.88149 -0.79051
-1.6531 1.6729
3.1469 -1.6946
0.58055 0.18882
1.0102 0.54598
1.6498 0.10907
2.1571 -0.4092
2.1073 -0.022031
-2.7119 1.7787
0.73721 -0.46039
-3.6434 2.4678
-2.7255 0.33148
-0.6412 -0.15857
1.1733 -0.7208
-1.0316 -0.82537
0.63213 1.3218
-3.2716 0.35587
0.49252 0.97061
0.66907 -0.89668
2.2083 -1.21
-4.8528 0.92325
1.6794 -0.46535
-1.7476 -0.4544
-0.66514 0.9371
-4.0161 0.50463
4.4574 -1.5866
3.3198 -0.14501
-3.8253 1.435
-2.6126 1.5963
-1.9241 -2.0421
1.5562 0.64765
-1.0685 -0.51926
-1.7905 1.3487
-0.71743 1.7905
1.1927 -0.40998
1.9693 -0.90665
1.0567 -0.078649
-2.0102 1.1905
-1.5517 0.22097
-3.3139 1.9801
-4.1378 0.77621
2.5315 0.43079
1.704 -1.7677
0.4759 -1.1491
-1.6802 -1.1892
4.7654 -0.52887
4.1673 1.753
0.3732 -1.6535
-5.2702 1.8514
-0.1395 0.13023
-0.21841 0.046373
-0.51324 -0.31143
1.6215 -0.094295
0.38716 -0.79075
-0.18061 -0.67551
-5.0177 1.7459
1.0249 0.040904
-1.7534 -1.1224
-1.1959 0.02739
-0.36099 -0.04098
3.0875 -0.086227
0.33343 0.53538
2.456 -0.96843
1.6133 -0.251
-0.053031 -0.17965
-1.1888 1.1363
-1.0475 -0.11252
0.047432 -0.91843
3.8073 -3.0254
-2.2124 0.022757
-0.62285 -1.3225
5.3856 -0.86465
-1.9822 1.6235
2.2667 0.12909
2.8649 -2.1357
0.19927 -1.9173
-1.6854 1.5325
1.4815 0.43195
0.1979 0.28577
-2.3747 -0.20661
2.1017 -0.76169
-1.3626 1.041
-0.4617 -0.5827
-1.7013 0.82278
-2.6986 0.30809
2.2352 0.39859
-4.6983 1.6666
2.6408 -0.35953
0.21161 -1.1887
0.41235 0.80502
0.7159 0.27023
-1.5111 -0.5819
0.30276 0.54203
2.53 1.0072
0.47689 0.2025
2.7215 -1.1588
3.5754 -0.33647
-1.7096 -1.3144
-2.8552 0.22887
0.014163 -1.5473
1.1102 -0.13837
0.0098407 -0.21354
-1.9707 -0.20388
-2.4368 0.81791
-1.537 1.0078
0.13257 0.10845
1.8489 -1.2271
3.6832 -1.89
0.45046 -0.084045
2.517 -2.1359
-1.6291 0.26947
3.1182 0.093158
0.12763 -0.69369
1.1791 0.86407
2.4436 -1.3372
-1.3378 0.77882
-0.020214 -0.72491
1.2242 0.62741
-0.44538 -0.46346
-1.0235 0.10164
3.0632 -1.2095
-0.73022 0.1183
0.09519 -0.84844
-1.6323 0.0074366
-0.82441 -1.5868
-1.8009 1.2572
3.7013 -0.0671
-3.0089 0.81678
-0.54641 -0.80645
-1.951 -0.6518
-1.8182 0.39802
-0.34797 1.0223
-0.71036 0.85698
3.0162 0.21026
1.2551 -2.1075
-4.84 0.22239
2.7591 -0.23152
3.0654 -0.71193
-6.8109 0.5163
3.4636 -0.011323
1.8374 0.0031087
2.1747 -0.03116
-1.4778 1.3638
2.0435 2.0581
-3.9644 0.18086
0.97128 -0.4286
3.446 -0.14655
-1.1517 1.0481
3.5699 -1.1769
3.7009 -1.1407
1.5232 -0.45448
-2.3897 1.1182
1.2433 -1.3605
4.4854 -0.21472
-3.8781 0.93928
3.453 -0.90307
-1.4927 0.55918
-1.706 0.50361
