12.539 -11.306
12.705 -11.291
13.329 -8.3719
13.853 -9.935
11.746 -8.9576
11.725 -7.4281
13.909 -9.4778
14.806 -9.7886
12.374 -8.5461
13.825 -9.7939
11.274 -10.969
13.072 -11.512
10.707 -6.6345
11.166 -9.3814
8.2595 -6.0332
13.877 -10.287
14.966 -10.686
13.62 -10.458
13.202 -10.112
15.576 -15.293
15.04 -13.676
14.896 -12.4
12.233 -10.594
12.598 -9.1092
13.683 -12.066
14.192 -10.92
13.071 -12.225
12.204 -11.014
12.558 -14.58
11.264 -9.6407
12.564 -12.201
14.938 -12.876
14.147 -12.675
12.338 -8.2128
14.082 -12.59
15.1 -10.738
11.991 -8.693
14.126 -10.644
15.354 -11.768
13.8 -11.964
12.76 -10.989
14.577 -11.988
11.35 -9.1095
14.004 -13.292
13.541 -9.9574
13.783 -9.1641
10.64 -7.5238
13.339 -12.141
12.651 -8.9215
14.417 -13.383
13.435 -11.124
10.479 -11.182
14.264 -11.009
14.177 -13.764
14.313 -12.576
11.027 -7.6497
11.928 -6.5938
14.688 -11.922
11.799 -8.1681
13.526 -10.111
13.279 -8.7927
13.367 -6.3136
12.446 -10.479
13.84 -10.639
12.309 -7.2392
13.656 -9.7534
12.432 -10.02
14.377 -10.956
14.985 -8.9782
12.771 -8.7637
12.963 -12.065
11.909 -10.186
14.129 -9.845
14.539 -12.764
13.606 -6.8315
13.598 -14.594
16.282 -14.887
11.215 -6.4201
10.673 -8.3733
13.805 -10.59
11.981 -6.436
13.338 -9.5823
15.183 -12.485
11.481 -10.622
13.083 -9.9174
12.236 -10.835
14.243 -7.2267
14.454 -10.538
17.701 -16.604
12.425 -7.3499
13.701 -10.856
13.209 -8.4604
13.597 -9.9766
11.994 -10.028
13.936 -11.684
11.452 -5.515
11.678 -9.3941
13.505 -10.575
13.802 -11.103
13.224 -12.298
15.592 -10.842
14.201 -11.691
15.274 -14.06
11.852 -11.529
12.921 -7.2619
11.882 -10.483
11.512 -9.1419
11.92 -6.8319
14.713 -13.924
13.331 -10.979
11.562 -7.6392
11.206 -4.519
14.876 -14.62
13.401 -12.199
12.14 -8.0784
13.91 -12.395
15.418 -13.002
14.707 -11.706
12.878 -9.7398
10.956 -9.431
11.071 -10.132
13.818 -13.452
14.507 -12.396
12.723 -11.293
11.518 -7.5126
12.584 -9.8596
11.799 -8.4534
13.843 -10.856
11.921 -6.5318
18.058 -15.49
14.044 -10.633
12.175 -7.842
11.145 -5.879
10.285 -3.8921
12.88 -7.1915
15.389 -14.268
11.629 -9.3346
14.304 -11.017
14.92 -8.8751
12.968 -8.1847
13.118 -9.0628
13.11 -10.131
14.098 -10.52
12.076 -11.248
12.795 -7.9863
11.713 -7.3699
16.004 -11.306
13.031 -9.9995
14.728 -10.963
13.847 -7.7046
12.578 -10.281
14.213 -11.037
14.639 -13.076
15.11 -11.344
12.464 -9.4896
13.554 -9.7008
13.25 -11.513
9.9558 -8.5103
13.293 -9.7883
14.137 -9.9117
15.218 -13.391
14.691 -14.491
13.486 -9.3255
9.0906 -6.3304
13.453 -11.265
11.755 -8.6312
11.686 -11.43
12.588 -7.3649
14.004 -10.822
12.791 -4.7682
13.852 -11.596
14.917 -10.443
15.266 -13.425
12.652 -11.819
14.079 -12.167
12.68 -12.571
14.395 -8.4948
12.809 -5.4164
14.334 -12.538
11.586 -9.8659
11.656 -9.7985
13.505 -11.048
14.224 -12.189
10.073 -7.4132
13.168 -10.57
13.39 -13.36
14.152 -11.604
13.408 -9.7981
13.194 -7.8958
12.052 -10.17
12.755 -6.6699
11.95 -7.89
11.756 -7.492
12.602 -10.624
15.721 -11.86
15.696 -10.681
10.856 -6.2605
13.22 -9.203
10.656 -5.5266
12.383 -10.345
15.193 -13.673
12.339 -8.1711
12.944 -13.169
11.863 -9.2826
12.373 -8.6632
14.607 -9.7393
11.579 -8.0032
14.937 -8.4011
14.157 -9.7099
13.651 -9.9094
16.492 -13.76
15.089 -9.9194
13.306 -9.5993
11.754 -9.2487
12.339 -10.385
12.154 -7.9933
13.572 -7.9858
11.181 -5.4972
11.819 -11.286
12.322 -9.8614
12.547 -8.8221
15.234 -9.6812
12.212 -5.7686
12.828 -12.694
11.005 -7.6784
13.155 -7.9231
13.015 -13.735
12.83 -8.5263
15.244 -11.883
11.588 -7.2595
12 -10.763
13.167 -12.049
11.38 -6.4037
12.048 -6.5222
13.065 -9.0169
12.844 -10.826
11.967 -8.0831
13.726 -10.088
10.873 -7.9628
12.142 -6.3572
15.887 -14.042
14.632 -11.955
14.241 -10.819
12.965 -10.399
15.122 -11.661
13.602 -9.6738
15.728 -10.549
14.666 -10.52
14.715 -12.063
12.878 -6.1138
