10.904 8.5273
10.394 9.8368
13.076 14.138
13.281 12.173
13.359 10.893
11.704 14.033
14.227 11.196
9.369 7.4949
11.841 8.0644
12.565 12.93
12.557 8.5819
14.085 14.752
13.602 15.205
13.717 11.05
14.238 11.605
13.15 12.091
11.552 9.9699
11.766 11.7
12.985 12.504
12.799 12.572
14.754 12.112
13.938 10.587
11.527 9.8736
14.915 13.183
11.032 13.608
13.1 13.336
11.816 8.4734
13.36 17.517
10.609 6.5107
12.396 10.601
12.425 11.654
12.192 10.299
13.906 17.405
12.436 12.983
13.941 14.762
11.962 12.512
12.614 12.592
8.8653 7.0928
13.24 11.223
13.175 11.168
13.759 15.781
12.608 9.863
10.954 10.476
13.709 16.41
10.882 11.985
13.362 12.305
11.917 13.639
12.179 10.636
12.524 12.883
11.015 13.049
12.785 12.25
11.88 10.26
12.984 12.916
14.124 10.715
12.42 10.921
13.154 11.11
11.806 11.79
12.128 10.926
11.333 11.713
13.294 12.777
12.377 14.313
12.462 9.381
12.603 6.7692
11.682 11.88
12.637 11.472
16.17 12.467
11.027 14.905
12.374 14.833
11.962 12.456
13.551 13.03
13.757 12.897
12.585 11.552
12.643 16.577
13.339 13.952
13.974 12.226
11.678 8.6534
10.514 7.5249
10.802 9.2204
11.381 7.6742
11.721 10.754
11.771 14.43
13.842 15.374
13.806 12.42
12.806 9.4483
12.403 11.588
11.61 13.766
12.714 12.355
13.195 8.7323
12.783 15.92
14.624 11.259
10.678 9.9455
13.566 14.531
10.898 7.5805
12.614 11.714
12.903 11.174
12.192 14.212
10.97 10.557
11.942 11.122
9.4928 8.3731
13.766 12.266
11.65 7.5027
11.942 9.2118
10.192 7.3218
13.417 10.232
12.523 8.7939
10.641 12.523
14.19 12.692
13.471 9.0523
14.038 15.207
11.354 10.388
13.498 12.808
14.404 14.324
13.73 14.732
13.437 11.742
11.492 9.0731
11.189 12.617
13.756 14.163
11.457 12.198
11.95 8.9092
13.115 12.355
11.203 12.85
11.472 10.088
13.082 6.7654
11.237 9.5071
13.43 11.795
12.679 13.596
12.324 7.5841
11.658 9.8764
11.08 12.5
13.798 10.851
12.945 12.722
12.522 9.7767
10.165 11.747
11.555 7.0551
16.409 14.599
11.379 12.174
13.631 11.81
13.399 11.755
11.084 13.315
12.724 9.0193
11.498 9.6325
11.165 12.171
12.64 11.109
12.344 12.808
12.684 16.932
14.216 13.759
13.277 11.474
12.852 10.936
11.827 10.602
13.468 12.738
12.059 12.142
12.927 10.54
14.2 14.754
13.161 12.885
11.704 12.236
14.455 15.601
12.874 16.748
12.178 11.833
11.537 10.759
14.12 11.662
14.3 13.946
12.298 13.658
12.076 10.341
13.02 10.76
14.774 15.832
13.044 11.808
13.682 11.693
12.248 13.501
13.412 12.707
12.963 10.266
14.112 10.887
12.325 9.299
11.369 8.5861
14.107 13.999
12.629 12.131
11.407 9.6221
12.347 14.649
11.681 7.2602
10.944 10.715
12.899 14.982
14.614 12.688
11.559 11.437
13.598 13.716
12.719 12.622
11.585 11.345
13.151 8.5036
11.503 12.235
11.931 8.2082
13.27 12.457
14.13 10.947
12.824 12.028
12.771 10.912
13.769 11.88
11.811 12.232
10.961 8.1443
12.633 5.7987
14.388 10.831
11.235 14.126
11.295 11.12
11.827 14.564
12.369 13.251
12.903 12.635
10.925 8.9548
11.772 8.531
11.115 9.7754
13.98 14.603
13.672 13.275
10.863 9.8503
12.324 10.525
10.253 8.955
10.426 7.6497
11.82 12.369
11.236 6.8206
13.044 12.836
13.216 16.549
12.593 14.568
13.578 13.354
12.975 9.2538
13.983 14.549
13.614 11.893
12.342 14.84
12.241 9.9289
10.953 9.0938
12.607 8.8058
13.891 11.199
11.291 8.7834
12.484 10.921
12.088 11.081
13.142 15.086
12.829 15.125
12.618 13.88
11.584 7.4
10.859 9.4046
12.869 10.792
12.216 17.75
14.552 9.8953
11.691 9.0855
13.782 12.064
12.884 10.528
13.683 11.454
12.213 12.178
13.504 16.203
13.816 12.733
13.099 11.663
12.491 10.211
15.131 14.669
13.23 13.474
11.528 9.2861
12.133 12.096
14.165 13.299
