-0.035223 -0.98673
0.25504 -0.16422
2.6722 0.65747
0.97128 -0.4286
1.684 -1.0389
3.0632 -1.2095
0.65499 0.36239
2.4678 -0.21124
4.4574 -1.5866
0.17624 0.69632
-1.8643 0.9034
2.701 -0.28377
-2.0076 0.72308
2.53 1.0072
2.9983 -0.0006218
3.0162 0.21026
-1.9691 -0.11883
1.6794 -0.46535
1.8553 2.1905
-1.1888 1.1363
1.8538 0.34959
1.8224 -1.1965
-0.93227 0.83319
-4.5394 1.3605
1.2242 0.62741
1.3132 1.0708
1.3589 0.77819
-0.21841 0.046373
-1.3185 -0.70566
2.5674 -0.25497
0.084316 -0.39527
-0.86509 -0.28285
0.77037 -1.3505
3.9238 -1.0445
-0.66514 0.9371
3.7013 -0.0671
-3.4859 0.11636
-4.6942 -0.14256
-1.6417 1.6516
-0.51324 -0.31143
1.5276 -0.29874
3.5446 -0.18785
2.7591 -0.23152
2.4156 -0.5984
2.4239 -0.73965
2.4376 -1.1818
0.43889 -0.29102
0.023862 -1.1458
-0.095899 0.015069
0.19868 0.5978
1.2433 -1.3605
-1.569 -0.45031
-4.1386 1.1259
2.5183 1.5463
6.3423 0.066542
4.6529 0.12461
-3.1562 0.11285
0.98477 0.32496
2.1571 -0.4092
-5.9601 0.52763
4.4854 -0.21472
-1.951 -0.6518
2.5459 -1.0387
-4.7958 0.81293
4.4518 -0.37262
0.38669 -0.8789
-0.74093 0.57577
-3.7241 -0.22469
-1.3154 0.58377
3.0875 -0.086227
0.13257 0.10845
-1.4128 -0.46896
0.82302 1.0536
-1.503 1.178
-0.92711 0.24927
0.7159 0.27023
-0.54459 -1.04
-1.0316 -0.82537
-1.0084 2.1135
2.3307 1.4045
0.66907 -0.89668
-1.3378 0.77882
0.25884 -0.69821
-3.8253 1.435
0.014163 -1.5473
3.4728 -1.6125
-2.3747 -0.20661
-2.6986 0.30809
-2.6856 -0.049947
0.43109 -0.18283
1.6068 -0.3172
4.2438 -1.0053
-1.6291 0.26947
0.78601 0.74939
-3.2151 1.6111
1.1033 0.41155
-1.7013 0.82278
2.1747 -0.03116
1.9664 -1.441
-5.8087 -0.9022
-2.3949 0.78186
0.19927 -1.9173
-4.8528 0.92325
-0.44538 -0.46346
5.3643 -1.2918
0.38716 -0.79075
-1.6854 1.5325
-0.016538 1.4459
-1.949 -0.34967
2.2067 0.86608
-1.168 -0.20772
-1.1485 0.87119
0.01249 0.20374
0.22411 -0.093893
4.3357 -0.8177
1.7633 1.3723
-3.8781 0.93928
1.2842 -1.0532
0.68516 -0.29344
2.9646 -0.30125
0.3732 -1.6535
-1.8009 1.2572
2.456 -0.96843
-2.7137 1.2331
0.1979 0.28577
-1.9058 -0.31385
1.704 -1.7677
-1.6849 1.0977
-2.1993 -0.063547
-0.5651 -0.22619
-2.1092 2.1483
-0.62285 -1.3225
2.4436 -1.3372
-0.36099 -0.04098
-0.29003 1.1445
-4.9133 -0.49921
-0.35461 -0.48797
0.41235 0.80502
-4.1975 -0.3779
-0.053031 -0.17965
3.1839 -0.56574
3.8073 -3.0254
1.9693 -0.90665
-1.4778 1.3638
3.1001 0.0081509
4.3539 0.1018
-2.7255 0.33148
-2.7257 -0.24861
1.3991 -0.35918
1.8908 0.5261
2.8649 -2.1357
-1.3618 0.13631
0.1638 -1.697
-1.1959 0.02739
3.5191 -0.6256
-2.1232 -0.94861
-1.51 -0.08981
2.1961 -0.83601
4.6783 -1.1617
-4.479 1.1006
-4.0161 0.50463
2.6748 -1.3368
1.6133 -0.251
1.6215 -0.094295
-1.3626 1.041
-2.1273 0.73512
-3.2716 0.35587
-1.8182 0.39802
-5.3741 2.0255
0.12763 -0.69369
1.9553 0.84727
0.88149 -0.79051
-0.764 -2.3435
2.2667 0.12909
-2.9344 1.8951
-2.0173 2.0648
1.0907 0.35654
0.97662 0.27065
-5.0576 1.5222
2.3341 1.1784
1.1791 0.86407
1.0289 0.57461
-2.653 1.3353
-1.0768 -0.36386
3.4636 -0.011323
-3.7549 2.3084
1.2551 -2.1075
-2.7119 1.7787
0.30276 0.54203
3.3198 -0.14501
1.1015 0.48049
-6.0869 0.54792
-0.020214 -0.72491
0.79717 0.32238
-0.24056 2.6587
1.1702 -0.79311
1.6498 0.10907
1.4275 -1.0826
2.9144 -2.1179
2.7388 -0.10534
-2.8347 0.019114
-1.6528 -1.1671
-1.6802 -1.1892
1.4066 -0.80012
3.0654 -0.71193
2.4477 0.067069
3.3465 0.25513
-3.1324 1.3368
0.25954 0.0063587
2.064 -1.5824
1.5576 1.9036
-4.6857 1.0078
0.62137 0.74321
1.8732 -0.33575
-0.12419 -0.86118
-2.8634 1.2595
-2.9626 0.11441
-1.9093 -1.5277
-1.2833 -1.4357
-1.2303 1.507
0.57866 0.77884
-2.0102 1.1905
-0.11571 1.1057
-3.2489 -1.3548
2.2352 0.39859
-1.8995 -0.4914
-1.0531 -0.84753
-2.6597 1.0823
1.313 -0.48993
-0.53056 -0.27157
-0.71743 1.7905
-1.6381 0.26597
-1.7979 0.79634
0.38165 -0.19283
0.27778 -1.7035
-3.8501 0.46743
4.6874 -1.3029
2.1843 1.5086
0.58055 0.18882
-2.6406 0.33283
-0.14076 0.94058
-0.31783 -0.18546
2.7547 -0.29194
-2.3897 1.1182
3.453 -0.90307
-5.2431 1.2816
-3.3158 0.47705
-0.17901 -0.0087661
-0.5266 0.99359
2.517 -2.1359
