2.127 3.5352
-0.306 -3.8537
2.835 -31.264
2.817 -13.137
1.788 0.82846
0.552 4.3136
-1.383 6.0464
-1.203 -5.0619
-1.086 20.931
-0.879 5.0454
1.443 0.39754
2.85 -27.352
-2.676 -38.712
-0.621 6.7455
0.201 0.82237
2.469 -6.37
-1.251 3.2123
-0.501 -2.7355
-1.539 -9.3933
0.966 0.81457
0.798 -4.223
0.783 -15.545
0.648 -3.2162
-2.919 -40.656
-0.993 1.8
1.566 -8.7221
-0.045 -2.739
2.877 -20.875
0.399 3.5395
-1.557 7.0281
-1.791 -9.5122
-2.505 -18.83
-2.067 -1.2566
-0.804 7.5779
1.524 11.905
1.752 -10.672
2.313 -14.73
0.639 4.4698
0.708 -7.358
-0.465 -12.482
0.288 4.2998
-2.946 -34.737
-1.458 -2.7587
-1.758 0.91884
2.55 -9.3647
-0.03 -0.17472
-0.177 -1.6683
-0.921 1.2702
2.928 -14.337
0.273 -2.7334
1.419 -4.0179
-2.355 -20.659
0.111 -4.0016
-1.47 1.0616
2.694 -15.024
2.001 -13.727
0.336 -17.76
-0.936 -6.5282
1.209 16.353
-1.575 12.887
2.328 -2.1651
1.905 9.2194
0.795 -12.339
-1.158 -12.423
-0.771 2.4645
2.223 -2.9633
2.745 -17.911
0 -1.3524
2.628 -17.846
0.072 12.216
0.93 -1.0789
-2.763 -31.354
-2.046 -6.2986
-2.343 -13.664
-0.228 -7.3419
0.204 -1.5342
2.634 -18.308
-1.74 -10.949
-2.721 -39.213
0.915 5.0038
0.495 2.6462
2.457 -9.4407
1.362 -0.51104
-1.341 -3.0003
2.607 -10.418
-0.753 -0.76021
-1.119 -7.4282
-1.698 -9.1116
-2.829 -27.45
1.86 2.5262
0.99 8.4811
-0.78 -5.0271
-2.382 -22.169
0.264 2.5129
2.535 -15.923
-2.775 -30.703
-2.553 -22.578
2.277 -8.0324
-1.197 -12.85
-0.564 -19.932
