2.127 3.5352
-0.306 -3.8537
2.835 -31.264
2.817 -13.137
1.788 0.82846
0.552 4.3136
-1.383 6.0464
-1.203 -5.0619
-1.086 20.931
-0.879 5.0454
1.443 0.39754
2.85 -27.352
-2.676 -38.712
-0.621 6.7455
0.201 0.82237
2.469 -6.37
-1.251 3.2123
-0.501 -2.7355
-1.539 -9.3933
0.966 0.81457
0.798 -4.223
0.783 -15.545
0.648 -3.2162
-2.919 -40.656
-0.993 1.8
1.566 -8.7221
-0.045 -2.739
2.877 -20.875
0.399 3.5395
-1.557 7.0281
-1.791 -9.5122
-2.505 -18.83
-2.067 -1.2566
-0.804 7.5779
1.524 11.905
1.752 -10.672
2.313 -14.73
0.639 4.4698
0.708 -7.358
-0.465 -12.482
0.288 4.2998
-2.946 -34.737
-1.458 -2.7587
-1.758 0.91884
2.55 -9.3647
-0.03 -0.17472
-0.177 -1.6683
-0.921 1.2702
2.928 -14.337
0.273 -2.7334
1.419 -4.0179
-2.355 -20.659
0.111 -4.0016
-1.47 1.0616
2.694 -15.024
2.001 -13.727
0.336 -17.76
-0.936 -6.5282
1.209 16.353
-1.575 12.887
2.328 -2.1651
1.905 9.2194
0.795 -12.339
-1.158 -12.423
-0.771 2.4645
2.223 -2.9633
2.745 -17.911
0 -1.3524
2.628 -17.846
0.072 12.216
0.93 -1.0789
-2.763 -31.354
-2.046 -6.2986
-2.343 -13.664
-0.228 -7.3419
0.204 -1.5342
2.634 -18.308
-1.74 -10.949
-2.721 -39.213
0.915 5.0038
0.495 2.6462
2.457 -9.4407
1.362 -0.51104
-1.341 -3.0003
2.607 -10.418
-0.753 -0.76021
-1.119 -7.4282
-1.698 -9.1116
-2.829 -27.45
1.86 2.5262
0.99 8.4811
-0.78 -5.0271
-2.382 -22.169
0.264 2.5129
2.535 -15.923
-2.775 -30.703
-2.553 -22.578
2.277 -8.0324
-1.197 -12.85
-0.564 -19.932
1.956 2.5793
2.094 -0.6671
2.427 -10.223
2.271 -1.6424
-0.435 7.9673
-0.006 9.8565
1.506 11.183
-2.136 -2.943
0.714 -5.0244
2.703 -14.314
1.95 -7.0201
-0.039 -1.2098
1.374 24.456
0.462 2.9189
-0.456 -8.0773
-1.401 -2.3117
-2.481 -16.378
-0.267 -6.5966
-0.612 -8.9087
2.841 -20.651
0.045 -0.58878
-0.507 1.1455
2.709 -7.3808
0.9 11.94
1.203 -0.60559
1.554 -2.9964
-0.84 1.8265
0.387 6.0618
0.702 -0.69266
1.665 4.7675
1.446 13.937
1.749 1.1882
-1.857 2.0001
2.13 2.3307
-1.8 -11.55
2.037 0.95062
-1.017 1.986
-2.211 -1.7658
1.68 11.059
-2.091 -6.2395
-1.611 -4.036
0.018 15.403
1.938 -4.7531
-1.35 -6.7267
2.316 3.4623
1.134 12.962
2.838 -16.362
1.677 -7.3658
-0.372 -9.3443
-1.449 -2.3483
1.647 4.1868
1.962 12.521
0.999 3.6003
1.785 6.0013
2.046 -4.9195
0.39 -4.0614
-2.013 -6.3246
-2.925 -47.275
-1.899 -0.78355
0.606 -4.7311
-1.977 -11.238
-2.346 -14.196
2.982 -31.092
1.368 13.87
0.135 -3.4687
1.722 -12.768
-0.012 -7.6484
0.855 2.6574
0.66 -7.1234
2.076 -4.5318
-0.696 4.6449
0.081 -0.55746
2.421 0.79136
-2.139 -18.208
1.116 7.1086
-1.596 4.0106
2.325 -5.0849
1.023 -2.2318
-1.095 17.917
-1.761 -11.051
0.486 9.8615
-1.527 -12.667
-1.326 -5.5203
2.496 3.8627
-2.757 -33.389
2.013 -0.090081
-1.656 3.6053
1.776 -2.8476
-0.657 1.4056
2.988 -9.0136
-2.28 -3.6368
-0.483 3.1745
-1.137 7.7395
0.189 -1.0038
1.278 5.5247
0.27 -4.4937
0.174 7.0039
-2.478 -15.983
-1.782 -3.2299
-2.613 -18.785
-2.451 -18.326
-2.424 -22.09
-2.445 -27.121
-1.317 1.7751
1.683 -6.4132
0.483 -1.88
2.283 7.5803
-1.701 -10.674
1.533 -6.8092
-0.195 1.2409
0.456 -1.8086
2.7 -14.613
0.996 7.2289
-0.648 -1.2817
1.887 4.2927
0.477 4.6234
2.433 -15.842
-2.67 -32.285
2.448 -26.203
-2.283 -17.713
-0.258 7.8952
-1.044 -6.4893
1.275 -1.117
2.259 -9.6081
2.724 -14.624
-2.802 -34.429
0.753 -1.2623
-0.996 1.3998
-0.402 -8.8355
-2.619 -36.155
1.467 10.842
-1.551 2.8577
2.868 -25.563
2.715 -0.64285
0.102 4.3959
0.912 -0.61508
-0.765 4.6453
2.727 -15.054
-2.292 -28.066
1.902 -3.9588
-2.394 -19.309
2.943 -24.981
0.027 2.5729
2.43 -6.4757
-2.295 -22.919
1.431 -7.593
-0.201 -7.1152
2.079 -7.3704
-1.311 -4.9127
-1.812 2.2884
2.895 -11.962
0.63 -1.2875
1.257 5.9169
-2.634 -24.806
-2.652 -24.549
1.731 2.2769
2.184 -2.404
0.06 7.4238
-2.547 -24.113
1.623 4.5765
2.655 -9.4095
-2.388 -17.24
2.208 -7.5632
-2.898 -36.159
-1.116 15.167
0.975 1.0656
0.381 -5.9528
-1.665 -2.66
0.18 -0.64017
-1.461 5.6956
2.337 -7.2067
2.544 -10.549
0.867 -7.7182
0.162 9.6677
-1.23 -8.0348
1.494 -5.5676
-2.055 -19.468
-2.484 -12.65
2.193 -3.0334
-2.745 -16.898
-2.727 -44.854
-0.885 2.3463
0.048 2.4122
2.415 -7.8163
2.247 -12.588
1.122 -2.1791
1.809 1.3328
-2.493 -34.306
-0.951 4.6812
-2.214 -20.026
0.909 -4.9302
2.532 0.63507
1.11 -4.9121
-0.189 3.3092
0.234 0.26295
-1.59 1.2159
-1.404 -4.7887
1.545 -4.6405
-0.828 -0.088294
-1.515 2.5673
0.738 -4.1676
0.549 12.865
-0.396 -10.944
-2.622 -18.427
0.963 -4.2008
-0.324 -8.4093
-1.728 -3.1067
-1.257 -13.851
2.028 -1.891
0.87 6.8478
-0.321 8.4602
-0.342 13.882
-1.296 0.9807
-0.87 -13.342
1.917 6.2218
-1.863 -2.601
2.418 -0.22262
2.334 -17.891
-0.918 -1.08
1.602 -1.105
1.593 15.76
-1.68 5.9495
1.8 -2.6721
2.706 -4.2528
-1.17 -6.1408
1.26 5.7389
-1.614 -1.5434
-2.166 -11.375
-1.509 -11.581
-1.032 12.047
-1.713 2.1235
-2.022 -5.6635
1.02 1.7786
2.853 -17.123
0.627 0.036126
-2.688 -25.428
1.821 -2.3002
-1.224 6.641
-1.287 -0.67428
-0.453 -6.3862
-1.323 5.6139
-0.768 -6.365
2.016 -3.7463
1.539 3.6476
0.522 -9.8715
2.019 -14.846
2.232 -1.4771
-1.719 2.3374
1.476 5.7513
0.948 5.6954
-1.482 1.4553
-2.058 -1.7627
0.654 -0.70655
-2.364 -6.1051
-0.681 6.3757
2.916 -8.2911
-2.049 1.6122
-0.186 -7.7612
1.182 -2.939
-2.313 -22.166
0.441 -5.5434
2.361 -6.8257
0.942 2.7391
-0.114 -2.9858
-2.835 -30.17
-0.93 0.38278
-1.008 -8.7009
2.472 -1.5294
-2.997 -59.218
-1.059 0.2033
2.961 -24.084
-0.702 1.9509
-0.9 0.38338
-1.722 -5.1391
0.294 -10.082
2.499 -10.248
-1.107 -2.1974
-1.962 -11.077
0.645 -0.72933
2.487 -1.0793
2.649 -15.57
0.096 -4.245
1.488 -9.0435
2.382 6.7926
-1.08 0.96367
-2.34 -10.094
0.669 -1.3239
1.515 -1.2277
-1.563 -9.0552
0.147 -11.233
2.07 2.652
0.603 7.4414
1.263 1.9592
-2.568 -22.379
-0.33 -1.1309
-0.336 8.7833
-2.469 -16.676
-0.57 2.5216
2.1 -9.6244
-1.638 2.5471
0.666 -8.6191
1.83 -12.032
-0.912 6.7232
1.221 13.042
1.911 5.7281
1.614 -0.030731
0.636 7.8856
-1.785 -3.1277
-1.05 -12.852
2.322 -7.6025
-0.303 5.2116
-0.597 1.9721
-2.199 -6.9527
1.197 7.6312
2.793 -23.657
-0.69 -3.9749
0.921 11.897
-1.365 8.7275
-0.129 -0.92468
1.245 4.3317
-2.439 -12.548
1.293 1.4483
-2.754 -30.002
0.237 3.4945
-2.466 -27.404
-2.472 -25.382
1.224 -16.943
2.736 -12.271
0.741 -2.2526
1.32 -1.6427
0.903 -3.2667
0.642 15.337
1.002 16.463
2.922 -19.102
-2.607 -36.37
1.899 -11.009
0.993 -1.5498
1.596 -3.5379
-1.314 -5.3683
-0.432 5.5522
-2.592 -27.595
2.376 -4.6721
-2.271 -4.938
1.149 1.7939
1.269 19.853
1.947 -1.216
-2.163 -7.8813
0.435 1.0167
-2.184 -4.9871
-2.31 -11.399
1.317 -6.884
-1.944 -5.5568
-0.477 -0.66702
-2.934 -51.329
-0.579 -13.579
-0.033 5.5888
1.35 2.7699
-2.805 -37.776
2.058 8.3902
1.548 -5.5044
2.568 -6.6946
-0.051 3.2588
-2.799 -36.548
0.297 -2.7196
0.219 -2.3178
2.124 -12.622
0.009 -0.015045
1.077 7.21
1.662 2.7058
-1.293 9.2188
-1.902 -6.1
-1.803 -3.5382
-1.926 -1.5023
1.572 0.99154
-2.523 -25.576
-1.164 6.1889
2.775 -28.721
-2.061 -17.221
-2.877 -45.999
0.12 -0.08135
1.89 -0.43011
-2.274 -5.0506
1.806 4.7972
2.919 -17.007
-2.859 -44.782
-0.078 1.7786
-2.886 -43.331
-0.312 -2.7304
0.225 -0.20594
-1.602 10.705
-1.299 -7.5398
-1.254 -12.516
0.213 4.7347
2.88 -16.007
-2.421 -10.107
-2.145 -16.386
-0.795 0.20908
-0.504 -0.23097
-1.02 -3.8738
-2.514 -23.513
-1.338 3.9792
-2.238 -13.317
2.235 -6.6383
-1.356 -5.9538
-2.841 -34.801
-1.443 -2.5996
-0.231 -6.3208
-1.125 2.635
-0.75 0.54283
-2.571 -36.698
-1.965 -15.913
-1.545 -4.3235
0.684 12.465
0.333 -8.4495
0.846 -8.6164
0.228 8.5692
0.396 -3.4234
-2.769 -32.527
2.526 2.3673
-2.331 -16.047
-1.098 4.9052
0.657 3.2389
2.295 -21
-0.387 -0.12041
1.086 8.4514
-2.748 -27.931
1.047 1.8465
-2.217 -6.1977
-1.881 -4.0521
1.923 -9.8508
1.527 0.2683
-1.911 0.29671
-0.987 2.2094
-2.601 -21.158
1.164 -7.3787
-1.788 -4.6742
-0.414 -3.2003
-0.726 15.116
2.925 -23.214
0.321 -4.1048
1.668 -1.1383
-1.824 -17.173
1.479 -0.57915
0.582 2.1492
1.74 2.9502
2.139 -0.38011
-1.686 -8.5406
-0.411 8.1303
2.007 2.4692
-0.438 -2.8492
-0.891 -0.49271
-0.315 4.6216
1.074 13.706
2.874 -19.954
-0.957 1.3207
0.618 2.4011
2.493 -10.385
0.78 0.0013792
1.176 3.3767
2.847 -25.766
2.367 -8.9689
-1.629 -12.996
-2.097 -17.784
-0.81 -7.2552
-0.588 3.1034
-1.974 -6.4437
2.004 0.69519
0.141 7.3897
-1.386 1.9673
-0.678 1.0861
-1.047 4.335
2.109 6.9204
0.732 -0.5049
-1.929 -0.48151
-2.298 -12.431
-2.22 -15.706
-1.083 4.6331
-0.345 -6.9623
-2.715 -31.953
-2.007 -5.9768
0.282 4.0059
-1.329 -0.49425
2.643 -18.209
1.833 -0.26992
2.958 -14.107
2.181 3.2513
3 -32.967
0.954 6.1386
-0.111 17.925
-2.985 -48.813
2.667 -21.125
1.473 -0.48542
1.839 -14.027
2.826 -17.878
0.804 -6.0841
2.763 -11.856
1.131 -9.5296
2.625 -10.684
0.324 -3.2887
1.818 -4.1083
2.364 -12.973
-0.669 8.7479
-1.941 -11.3
-1.875 -2.8293
-0.39 -1.9132
1.284 -21.612
1.44 5.4153
1.626 14.512
0.75 4.2473
-0.063 3.8387
0.801 -4.7452
-0.327 -20.763
0.153 -8.1441
1.167 -7.0185
-2.61 -24.705
-1.593 -13.436
-1.755 -12.313
-1.062 -0.88252
2.46 2.5515
1.797 2.8627
1.38 -8.9289
0.861 12.593
-0.915 11.004
0.534 1.7315
1.383 -4.5575
-0.552 -8.7791
-1.485 -7.2987
0.687 -0.24857
2.424 -6.7261
0.717 4.2887
2.592 -7.9842
0.108 13.246
2.769 -22.638
0.459 10.804
-0.546 -4.2929
2.385 0.33504
-2.133 -7.2024
2.967 -12.652
0.729 -6.4688
-2.826 -29.649
-0.984 3.4028
1.125 -1.0512
2.115 -3.1672
-0.783 4.8404
2.823 -21.747
2.256 -12.922
0.246 0.60813
1.56 -7.5076
-1.905 -6.0536
0.378 -6.0843
-2.901 -41.14
2.145 7.1803
2.811 -24.107
-0.864 0.24077
2.01 3.9362
0.849 11.349
-1.305 1.8495
-2.838 -31.259
-1.554 0.13272
0.453 0.85404
1.179 4.9847
-2.682 -25.593
-0.687 -5.686
2.784 -23.755
0.84 -11.775
-2.151 -7.5365
-2.319 -7.377
2.352 -0.55367
-0.942 -2.186
-2.577 -31.944
0.984 5.0174
-1.431 3.392
0.873 -5.6402
0.879 -7.0478
2.475 -3.0313
-1.014 -0.38468
2.586 -14.93
-1.764 -2.5302
0.771 8.7646
-2.988 -41.531
2.253 -0.92926
-0.048 5.2082
-0.48 0.9312
0.03 12.796
-1.95 -28.708
-0.363 -3.0914
1.452 12.334
1.569 -2.7333
-2.589 -30.338
-2.784 -29.913
1.611 -0.87391
2.205 -0.54118
2.865 -25.841
0.078 19.644
2.34 -10.772
2.4 -6.813
-2.844 -24.75
2.034 -1.0645
2.547 -3.3073
1.191 12.604
-1.332 -10.299
0.51 7.7875
-0.519 -2.9906
-0.276 -13.255
0.765 9.9648
-0.147 6.6878
1.509 4.7286
2.946 -16.705
-2.433 -15.9
2.577 -23.955
-1.155 6.4158
1.227 1.6017
-1.074 7.2028
-2.349 -11.111
-2.43 -21.844
-1.896 -4.5346
2.199 -9.9463
1.944 13.705
-1.806 -4.858
-2.808 -27.054
-1.668 -8.4819
2.298 -17.387
2.94 -31.086
-1.029 4.511
0.186 -10.079
-1.434 0.97571
0.498 -7.68
-0.087 1.4499
1.206 18.531
2.403 -25.422
0.894 5.5206
-0.516 -3.2017
0.156 3.5875
-0.159 2.3327
-2.025 0.099738
-2.583 -17.529
2.748 -27.096
1.758 3.6601
0.699 3.5829
1.983 -4.2406
-0.24 -1.6485
2.964 -24.321
2.721 -17.207
1.584 -4.0284
-2.73 -29.952
-2.442 -17.658
2.991 -21.231
1.089 3.5588
2.601 -6.6387
-2.625 -35.437
-0.777 -0.19045
2.553 -13.905
-2.658 -31.48
-1.179 -5.0568
2.268 -6.6204
2.265 -7.7885
-2.244 -13.05
-0.867 0.44141
-0.819 2.2515
-0.399 -3.1207
-1.377 -5.777
1.344 -2.5961
-1.773 -2.071
-1.626 -10.074
1.041 3.2934
1.743 0.19712
0.309 2.6155
-2.328 -18.948
1.764 1.9203
-2.736 -34.296
1.653 -4.5537
1.878 1.2852
-1.956 -6.8102
2.436 -10.691
1.641 7.6593
0.69 7.1787
-1.452 -3.9924
-0.927 15.195
-0.939 -9.3046
-1.986 -21.492
-1.635 3.1989
1.635 -6.1527
-2.823 -17.002
-0.585 -0.036743
1.128 9.651
1.464 5.4139
2.904 -7.8041
-1.935 -8.0076
2.304 -7.6726
0.372 9.467
0.777 3.6447
0.588 -7.3453
0.939 -7.4638
-0.3 -6.2447
0.351 1.4044
1.425 8.2544
-2.202 -6.73
-2.847 -41.718
-2.496 -9.3773
0.075 0.85691
2.388 -10.719
-0.183 8.7376
-2.079 -4.8152
1.725 -2.6318
-0.213 10.571
-0.843 8.8487
-1.026 -8.3041
-1.347 -4.6958
-2.952 -35.803
-2.904 -38.196
-1.827 -5.702
-2.604 -15.823
-0.099 -4.9222
0.066 4.314
2.163 -5.062
1.719 -6.9396
2.997 -22.858
-2.526 -22.374
2.565 -10.783
0.249 8.69
-0.948 10.518
-2.427 -20.324
-2.406 -13.747
-1.209 -3.2219
-0.954 6.522
0.051 2.8042
-0.354 0.25518
-2.502 -15.036
-0.594 -1.0617
-0.234 -1.1515
-1.302 -3.2374
-2.016 -2.9447
1.2 14.117
-2.487 -21.794
2.52 -6.6471
0.012 3.3896
-1.476 0.33442
-1.425 -0.80973
-2.256 -15.037
2.052 -1.425
-0.786 5.0496
1.011 -7.5619
0.768 -2.4004
2.172 -13.839
-1.524 -4.4255
-0.567 -11.612
2.796 -14.522
1.308 -6.5407
-1.53 -4.6678
0.96 -0.76049
1.854 4.3642
0.525 0.51898
-2.811 -35.316
2.751 -29.132
0.558 -0.87383
1.299 4.4303
0.279 4.5397
2.439 -6.4146
-0.351 -8.1847
2.229 -13.137
-1.662 -8.5151
2.76 -24.48
-2.538 -15.125
0.468 4.586
-2.664 -36.642
1.686 -15.577
-1.998 -10.254
1.503 4.4616
2.949 -28.071
-0.009 4.0887
0.15 8.2183
1.986 8.2929
-0.339 -2.3285
-2.796 -29.621
-1.134 0.98941
0.834 1.6811
-1.362 -7.0919
-2.376 -17.421
1.254 -5.2968
1.659 9.9147
-2.262 -14.601
-1.584 8.1244
-2.391 -13.496
-0.744 -4.2501
1.353 -3.5427
-1.908 -11.902
-1.749 -0.3089
-1.206 2.1628
1.266 -3.1848
-0.723 -11.914
1.893 -0.0028088
-1.308 -8.502
-0.417 2.0745
-0.627 1.6088
-0.636 -6.7444
-1.623 9.6889
1.872 -9.7048
-1.89 -16.55
0.471 -0.63561
2.055 -12.118
0.663 0.73587
2.901 -23.271
-0.981 0.87533
-0.468 7.1459
-1.98 -3.9907
-1.872 -8.4103
0.723 3.3548
-2.709 -36.131
1.311 7.0607
-2.865 -34.77
-1.653 3.1413
2.196 -3.1773
-1.608 3.6551
-0.558 -4.5657
0.318 1.1657
-0.738 -3.7534
-0.816 9.3838
0.117 -7.6108
1.155 15.019
0.756 8.8614
0.21 -1.6563
2.613 -6.9316
-0.156 -5.0023
-2.418 -22.451
-0.246 -1.839
-2.031 -5.9377
1.302 5.8223
1.896 5.776
-1.233 -2.1736
-0.444 -1.0439
-2.982 -52.881
1.977 -0.17984
-2.718 -24.086
2.187 -1.3886
1.671 -2.812
1.599 6.1936
2.673 -16.261
-0.297 -1.9999
1.146 -5.4393
2.394 -5.3653
2.226 -6.3705
-1.983 -4.4438
-2.115 -2.5859
-1.185 -0.82781
-1.644 -8.8573
1.746 5.1831
1.053 -19.326
-0.774 -8.173
0.858 8.3848
1.59 0.22259
-1.506 -12.843
-1.101 -1.8532
0.726 4.0224
2.502 -7.1586
-1.518 -9.6671
2.79 -18.842
-2.325 -25.755
2.871 -14.617
0.897 -4.1651
1.185 16.083
1.497 9.1077
2.349 -6.4926
-2.991 -45.198
2.886 -17.337
0.366 -4.2209
0.267 0.71665
-1.242 7.9401
-0.357 9.1427
-2.241 -2.4727
-1.716 -9.3015
-0.6 9.1731
-1.278 -10.036
2.562 -3.1869
1.386 -6.8999
-0.135 -7.3159
-0.12 5.6319
0.789 5.837
0.888 -10.185
-2.868 -40.749
0.402 5.716
-0.498 -5.7608
2.244 7.6033
1.092 -6.6521
-0.51 -1.9749
-1.035 -9.2097
-1.398 1.4841
-1.128 2.8764
0.09 5.5983
2.781 -13.513
-2.751 -28.839
-1.44 -5.2412
0.426 10.189
-0.171 -4.9312
-2.85 -31.132
-0.906 0.17111
-1.797 -9.0671
0.006 -2.4093
-0.486 3.5976
1.026 5.4979
-0.492 16.753
1.029 7.8901
0.567 8.2981
-0.054 -11.526
1.536 -11.323
0.165 -10.212
2.619 -11.403
1.287 13.776
1.803 10.98
2.118 -9.3642
-2.367 -13.21
-0.318 -10.866
0.678 1.167
-0.714 4.9948
-0.543 -10.793
2.799 -18.906
-1.092 1.6593
-2.628 -21.03
0.492 1.6562
-1.272 6.6454
-2.559 -18.021
2.622 -13.466
0.747 -5.7077
2.712 -17.075
0.429 3.581
0.243 -5.3429
-2.91 -31.162
-0.075 5.8234
1.692 10.714
-1.992 -3.6968
-0.945 -5.3879
-0.027 -7.5593
-2.943 -30.223
-2.403 -18.589
1.866 6.4744
-2.154 -8.5065
1.782 -2.1585
-1.275 -3.2404
-2.49 -16.408
-2.448 -6.1169
0.501 1.0349
0.057 10.282
0.543 2.8909
1.734 1.5733
0.705 4.3467
-2.964 -39.394
-0.606 11.742
-1.572 12.682
-2.766 -17.914
0.231 4.9244
1.104 6.552
0.42 1.119
-1.266 -0.027947
1.71 11.797
-2.511 -17.699
-0.024 6.4853
2.406 -5.2895
-1.041 2.5119
1.389 -1.5624
2.202 -2.2593
1.377 8.5079
1.77 4.5251
-1.866 -6.15
-0.36 3.1507
2.985 -19.635
2.808 -25.218
0.207 -5.7243
1.581 -6.2879
-1.281 -6.0366
-0.762 6.2367
-0.708 -3.288
2.31 -17.646
-2.976 -34.849
-1.389 12.575
-1.182 -0.899
-0.369 -7.1765
0.528 3.976
-0.747 10.227
-2.277 -20.295
1.173 -1.0883
-0.06 7.0522
2.49 -4.1427
0.393 9.5145
0.3 -3.5496
1.941 3.6268
-1.344 -13.041
-0.99 2.8484
0.438 -0.45809
0.813 10.079
-0.18 10.956
0.807 0.99155
0.681 2.1678
2.103 6.1389
0.375 0.67346
0.927 -10.008
-1.41 3.984
2.031 -10.421
0.024 2.0637
-0.684 4.5219
-2.892 -47.597
-1.659 -5.857
0.474 9.569
-1.392 6.2608
0.672 2.1267
-2.637 -17.04
2.658 -9.3356
-1.923 -10.267
0.33 -2.9305
-1.32 -1.6481
1.398 11.793
2.082 -5.4421
-2.556 -27.989
1.215 -8.177
2.217 -7.4632
-2.787 -38.991
-1.188 -3.1533
0.252 -1.0361
-0.015 -7.4062
-1.218 2.5842
1.212 3.1533
0.57 8.9109
-1.488 -5.4533
1.371 -2.9276
-0.825 -0.75009
1.017 -4.0259
-2.076 -7.5671
-2.193 -17.393
1.161 -6.6868
2.112 -20.682
2.556 -25.102
2.802 -21.44
-2.94 -40.865
-1.599 -3.1534
0.615 12.535
1.323 -0.18939
0.924 4.81
-1.989 -12.15
-1.428 17.496
2.778 -4.0779
0.327 15.501
-0.66 -1.6706
-0.489 -3.8102
1.248 6.237
-2.118 -12.425
-0.144 1.0234
2.661 -20.484
-0.264 13.539
1.674 -5.4055
-2.598 -25.191
-0.141 -1.3038
-2.205 -18.494
0.675 -5.2484
-0.084 -4.4211
0.918 -7.1349
0.177 -3.142
0.054 -5.8732
-2.169 -1.7035
0.423 0.69225
2.67 -4.0868
-0.222 4.4284
-1.335 12.927
0.384 0.47442
1.557 -0.12245
0.585 -6.1983
-0.651 13.373
-2.19 -16.607
-2.967 -38.607
1.326 10.181
1.551 -7.1706
-1.176 -5.6728
-0.837 -11.249
-0.168 -9.87
0.042 -2.7785
-1.542 -2.1815
-0.711 1.056
-1.581 -1.5439
-0.471 -7.8227
-2.544 -23.847
0.285 -10.412
-1.14 9.251
-0.081 9.8581
-0.225 -1.1837
-2.631 -23.405
1.968 -5.0839
0.099 1.9094
-0.924 3.8159
-1.146 -10.525
-2.085 -9.9176
2.073 7.3087
-2.259 -13.989
-1.089 -10.193
1.068 7.6331
-2.874 -24.796
-1.779 0.23852
-1.794 -8.2186
-0.798 1.8867
-2.694 -38.045
-0.933 5.9443
2.595 -7.5033
-1.467 4.7044
-1.947 -14.637
-2.178 -12.57
-0.378 3.8805
-2.541 -27.547
-0.537 13.313
1.044 0.25641
2.589 -1.3324
-2.574 -15.491
1.23 -4.5318
-1.2 -8.934
-1.269 -5.5237
2.358 -16.087
2.307 -4.5236
-0.174 4.1795
-0.966 -8.9546
0.504 9.1245
-1.731 -9.2314
-1.995 -6.2657
0.969 6.7864
2.286 -4.5491
-2.235 -10.515
1.458 15.691
1.704 -8.7541
2.211 -5.1414
0.198 1.6537
-2.187 -20.288
1.314 2.3178
2.412 1.3771
2.883 -21.477
-1.359 6.8998
1.881 -2.3551
1.842 1.7564
-2.922 -51.305
0.258 5.9222
1.071 2.7548
-0.633 -3.6277
1.689 -0.88795
1.194 9.4595
2.898 -28.474
1.998 4.4324
0.159 -9.4855
-2.385 -19.56
-1.473 -11.806
1.773 5.7646
-1.491 -11.703
2.733 -19.1
-2.37 -15.456
2.766 -15.878
0.519 -1.7348
0.81 7.8128
1.062 -6.9419
1.698 14.09
-2.352 -22.932
1.428 18.157
-0.975 11.501
-1.971 -6.8213
1.713 5.6042
0.735 16.38
1.695 10.223
2.913 -20.192
-2.916 -37.135
-1.422 5.7364
-0.549 2.7976
1.728 -15.334
-0.018 -5.2593
2.262 1.7622
-0.852 -1.0477
-1.917 -3.8941
-1.161 -1.5906
-1.038 0.43039
-2.457 -23.079
2.067 2.1518
-2.001 -12.3
-0.834 1.9289
-0.882 -1.9349
-2.697 -28.686
-0.618 -13.682
1.482 -10.247
-0.576 7.8567
-2.265 -15.892
-0.729 -2.7266
0.342 13.437
-1.695 -11.022
-2.052 -3.5953
2.049 -4.19
-2.415 -15.079
-0.807 7.1578
1.08 -1.8351
2.508 -13.639
-1.605 8.2211
2.517 -8.0405
2.529 -3.1071
-0.861 -5.8787
-0.873 1.3224
2.952 -29.986
-0.54 -2.4326
-2.088 -4.4231
1.281 -2.683
-1.494 -5.0493
-1.587 8.0621
-2.517 -16.05
-1.86 -8.1547
0.195 8.1163
-0.672 8.271
2.478 -10.37
2.934 -14.3
1.884 2.4605
-1.065 -3.4404
-1.734 -0.96456
1.392 -3.725
1.824 -6.4938
-0.069 -5.5786
-0.666 3.8039
-2.64 -17.829
2.04 -8.2361
0.507 11.2
-0.756 -6.8059
-1.419 -20.943
-2.337 -11.521
2.664 -24.138
-0.132 -1.9986
-1.959 -0.47501
1.632 -0.63857
0.261 3.0085
0.837 8.5783
2.742 -13.635
1.638 5.4483
-1.683 -9.7835
-2.742 -42.365
0.945 1.3847
-0.42 -1.2378
1.056 -5.6223
0.573 -1.2012
2.937 -16.77
-0.876 4.693
-0.963 -6.3464
-0.888 5.6277
0.774 5.7644
-1.707 -12.31
-2.781 -31.235
-1.893 -12.984
2.106 -3.7401
1.926 16.887
0.561 2.2771
-0.072 2.7318
-2.148 -16.951
1.755 -15.109
2.505 -13.991
-0.036 14.418
-0.624 1.8309
-0.513 -12.375
-2.475 -22.402
1.305 12.298
2.859 -18.724
2.463 -4.2459
-2.955 -47.072
2.454 -11.252
-0.615 6.8348
1.92 -2.0984
0.408 13.515
-1.503 7.7431
-2.928 -36.7
-1.62 -10.189
-2.301 -12.045
-0.999 -8.1592
-2.334 -14.146
-0.429 11.051
-0.675 -5.6071
1.617 0.13519
-2.973 -44.344
0.489 3.9847
0.192 -1.5563
1.251 -4.608
-1.002 -1.8367
-0.003 -4.6085
-1.632 -1.6019
-1.215 3.7822
0.822 0.64517
-2.82 -34.905
2.331 -10.25
-0.291 12.045
0.882 -1.8091
2.571 -12.781
-1.671 10.786
1.416 -0.88932
-1.56 -2.9618
0.957 -1.8718
-1.071 3.5102
-0.219 -10.357
-0.348 -1.3463
-0.63 -5.6907
0.348 -4.5789
1.422 -0.96576
-0.972 6.5544
-2.532 -38.385
-1.122 -3.723
1.239 1.0421
-1.011 8.7821
0.444 1.7066
0.621 6.6479
2.445 -0.25356
0.972 0.66302
-2.463 -16.705
-0.831 -3.6432
-0.732 -1.833
-1.887 -0.78283
0.594 -4.6665
2.19 1.7461
-2.121 -11.555
2.856 -5.8808
1.242 -12.189
2.238 -1.9785
-2.679 -25.392
-0.561 0.88982
-1.845 -7.8029
0.138 -7.1255
2.064 1.3573
-1.704 1.591
-2.16 -10.584
2.697 -11.465
2.088 -2.896
-1.71 -6.413
2.616 -2.655
2.241 -9.2645
1.272 -2.6326
-0.285 0.40767
-0.108 7.9455
0.591 2.3182
1.218 -2.7886
2.154 -1.0058
-0.639 -4.7115
-2.994 -44.374
-2.1 -4.5924
-1.647 0.18644
-1.446 -15.406
1.707 5.813
-2.793 -30.257
2.757 -16.807
-2.535 -11.379
0.432 0.26217
1.455 7.2757
-1.932 0.70365
2.637 -13.309
-1.11 10.664
-2.157 -16.746
-2.739 -20.108
0.015 2.9243
0.597 -2.1802
2.133 -4.7833
2.484 -2.8041
0.216 3.1868
0.72 -3.4644
-1.284 1.8694
0.816 6.7943
-0.462 -0.54676
1.107 -9.0933
-2.112 5.9867
0.345 -7.7884
-0.279 -12.54
0.891 7.1404
-2.181 -19.098
-2.856 -37.858
1.971 -7.9125
-0.366 0.88568
0.183 14.784
-2.661 -31.416
1.863 -2.9763
-1.245 -3.5309
0.576 -3.1423
-0.894 -2.7535
-0.72 9.1441
-2.817 -34.023
-1.263 9.8481
-2.25 -12.36
0.45 1.7633
-1.776 4.9636
-1.953 2.7065
-1.497 0.71718
-0.093 -7.7415
-2.253 -7.963
2.022 -3.1089
-1.5 -8.1413
2.178 -4.0901
-2.106 -4.6861
-2.4 -19.309
0.624 -1.8613
2.832 -10.691
0.084 -2.8701
-2.673 -33.387
-2.724 -30.391
2.442 -3.7961
-0.294 1.0264
2.994 -12.195
1.932 1.5821
1.113 3.1744
0.222 2.9335
-0.405 0.12225
2.22 -7.5774
-2.961 -39.897
2.148 -7.6201
-2.109 -13.939
